stage,sequence,release_ns,queued_ns,start_ns,end_ns,age_ms,queue_ms,service_ms,output_samples
live,0,17756851602842,17756851886601,17756852147116,17756857021832,5.41899,0.260515,4.874716,3840
live,1,17756861602842,17756861769923,17756862024358,17756865577586,3.974744,0.254435,3.553228,3840
live,2,17756871602842,17756871738815,17756871989762,17756877829162,6.22632,0.250947,5.8394,3840
live,3,17756881602842,17756881729659,17756881980414,17756885877582,4.27474,0.250755,3.897168,3840
live,4,17756891602842,17756891721590,17756891961017,17756895474085,3.871243,0.239427,3.513068,3840
live,5,17756901602842,17756901767283,17756902031574,17756906214346,4.611504,0.264291,4.182772,3840
live,6,17756911602842,17756911719310,17756911793839,17756915703744,4.100902,0.074529,3.909905,3840
live,7,17756921602842,17756921722026,17756921797099,17756925771164,4.168322,0.075073,3.974065,3840
live,8,17756931602842,17756931720166,17756931799079,17756935816729,4.213887,0.078913,4.01765,3840
live,9,17756941602842,17756941716770,17756941791299,17756945397775,3.794933,0.074529,3.606476,3840
live,10,17756951602842,17756951725950,17756951804735,17756956935902,5.33306,0.078785,5.131167,3840
live,11,17756961602842,17756961728730,17756961815515,17756966810361,5.207519,0.086785,4.994846,3840
live,12,17756971602842,17756971726550,17756971797495,17756975816328,4.213486,0.070945,4.018833,3840
live,13,17756981602842,17756981716913,17756981788210,17756986248906,4.646064,0.071297,4.460696,3840
live,14,17756991602842,17756991723501,17756991796782,17756996623978,5.021136,0.073281,4.827196,3840
live,15,17757001602842,17757001737834,17757001872651,17757007000331,5.397489,0.134817,5.12768,3840
live,16,17757011602842,17757011723749,17757011797446,17757016122428,4.519586,0.073697,4.324982,3840
live,17,17757021602842,17757021720097,17757021795266,17757026157272,4.55443,0.075169,4.362006,3840
live,18,17757031602842,17757031722269,17757031780926,17757036167860,4.565018,0.058657,4.386934,3840
live,19,17757041602842,17757041719641,17757041971676,17757046695863,5.093021,0.252035,4.724187,3840
live,20,17757051602842,17757051715637,17757051792918,17757058901646,7.298804,0.077281,7.108728,3840
live,21,17757061602842,17757061705585,17757061774417,17757066017958,4.415116,0.068832,4.243541,3840
live,22,17757071602842,17757071719181,17757071787598,17757076188580,4.585738,0.068417,4.400982,3840
live,23,17757081602842,17757081720137,17757081793258,17757086016990,4.414148,0.073121,4.223732,3840
live,24,17757091602842,17757091721381,17757091800294,17757096304445,4.701603,0.078913,4.504151,3840
live,25,17757101602842,17757101700896,17757101764065,17757107252069,5.649227,0.063169,5.488004,3840
live,26,17757111602842,17757111724316,17757111806077,17757116400438,4.797596,0.081761,4.594361,3840
live,27,17757121602842,17757121722616,17757121795769,17757126520468,4.917626,0.073153,4.724699,3840
live,28,17757131602842,17757131708916,17757131780501,17757136088458,4.485616,0.071585,4.307957,3840
live,29,17757141602842,17757141728080,17757141806673,17757146348233,4.745391,0.078593,4.54156,3840
live,30,17757151602842,17757151723820,17757151794061,17757156495911,4.893069,0.070241,4.70185,3840
live,31,17757161602842,17757161718344,17757161789257,17757165758810,4.155968,0.070913,3.969553,3840
live,32,17757171602842,17757171723524,17757171804837,17757175840343,4.237501,0.081313,4.035506,3840
live,33,17757181602842,17757181733056,17757181942883,17757187034754,5.431912,0.209827,5.091871,3840
live,34,17757191602842,17757191721308,17757191790493,17757196376693,4.773851,0.069185,4.5862,3840
live,35,17757201602842,17757201714168,17757201781368,17757205446406,3.843564,0.0672,3.665038,3840
live,36,17757211602842,17757211721716,17757211789268,17757216402286,4.799444,0.067552,4.613018,3840
live,37,17757221602842,17757221720175,17757221788752,17757226732014,5.129172,0.068577,4.943262,3840
live,38,17757231602842,17757231701483,17757231752940,17757235739549,4.136707,0.051457,3.986609,3840
live,39,17757241602842,17757241712231,17757241773480,17757245753945,4.151103,0.061249,3.980465,3840
live,40,17757251602842,17757251719203,17757251780740,17757257205543,5.602701,0.061537,5.424803,3840
live,41,17757261602842,17757261721919,17757261795008,17757267157250,5.554408,0.073089,5.362242,3840
live,42,17757271602842,17757271705083,17757271764156,17757275741293,4.138451,0.059073,3.977137,3840
live,43,17757281602842,17757281718455,17757281790040,17757287058073,5.455231,0.071585,5.268033,3840
live,44,17757291602842,17757291707091,17757291764563,17757295731621,4.128779,0.057472,3.967058,3840
live,45,17757301602842,17757301722991,17757301786640,17757306137829,4.534987,0.063649,4.351189,3840
live,46,17757311602842,17757311854220,17757311947373,17757316745097,5.142255,0.093153,4.797724,3840
live,47,17757321602842,17757321743367,17757321824936,17757326615267,5.012425,0.081569,4.790331,3840
live,48,17757331602842,17757331737795,17757331820388,17757336390332,4.78749,0.082593,4.569944,3840
live,49,17757341602842,17757341708958,17757341771519,17757346955039,5.352197,0.062561,5.18352,3840
live,50,17757351602842,17757351709178,17757351774171,17757356559254,4.956412,0.064993,4.785083,3840
live,51,17757361602842,17757361724182,17757361799447,17757367025144,5.422302,0.075265,5.225697,3840
live,52,17757371602842,17757371752082,17757371853396,17757376649007,5.046165,0.101314,4.795611,3840
live,53,17757381602842,17757381741550,17757381827151,17757387544182,5.94134,0.085601,5.717031,3840
live,54,17757391602842,17757391725802,17757391798699,17757396734280,5.131438,0.072897,4.935581,3840
live,55,17757401602842,17757401725510,17757401818599,17757407163785,5.560943,0.093089,5.345186,3840
live,56,17757411602842,17757411709890,17757411775938,17757416936386,5.333544,0.066048,5.160448,3840
live,57,17757421602842,17757421743870,17757421825279,17757426603642,5.0008,0.081409,4.778363,3840
live,58,17757431602842,17757431727578,17757431827355,17757436589174,4.986332,0.099777,4.761819,3840
live,59,17757441602842,17757441724054,17757441795446,17757445765800,4.162958,0.071392,3.970354,3840
live,60,17757451602842,17757451725169,17757451802322,17757457918590,6.315748,0.077153,6.116268,3840
live,61,17757461602842,17757461726157,17757461805486,17757466458984,4.856142,0.079329,4.653498,3840
live,62,17757471602842,17757471723657,17757471792714,17757475793884,4.191042,0.069057,4.00117,3840
live,63,17757481602842,17757481727845,17757481802598,17757485713591,4.110749,0.074753,3.910993,3840
live,64,17757491602842,17757491730049,17757491812674,17757496313594,4.710752,0.082625,4.50092,3840
live,65,17757501602842,17757501711677,17757501775422,17757506186676,4.583834,0.063745,4.411254,3840
live,66,17757511602842,17757511756857,17757511865467,17757516760503,5.157661,0.10861,4.895036,3840
live,67,17757521602842,17757521756437,17757521845110,17757526619793,5.016951,0.088673,4.774683,3840
live,68,17757531602842,17757531717745,17757531787762,17757536597453,4.994611,0.070017,4.809691,3840
live,69,17757541602842,17757541732845,17757541813230,17757547702295,6.099453,0.080385,5.889065,3840
live,70,17757551602842,17757551755689,17757552050701,17757556770119,5.167277,0.295012,4.719418,3840
live,71,17757561602842,17757561738117,17757561823590,17757566355966,4.753124,0.085473,4.532376,3840
live,72,17757571602842,17757571755425,17757571841506,17757576625309,5.022467,0.086081,4.783803,3840
live,73,17757581602842,17757581735068,17757581811101,17757586146835,4.543993,0.076033,4.335734,3840
live,74,17757591602842,17757591725976,17757591795353,17757596446803,4.843961,0.069377,4.65145,3840
live,75,17757601602842,17757601726964,17757601788789,17757606191563,4.588721,0.061825,4.402774,3840
live,76,17757611602842,17757611731376,17757611931763,17757616311241,4.708399,0.200387,4.379478,3840
live,77,17757621602842,17757621767884,17757622038448,17757626645225,5.042383,0.270564,4.606777,3840
live,78,17757631602842,17757631734312,17757631989291,17757636405442,4.8026,0.254979,4.416151,3840
live,79,17757641602842,17757641728196,17757641809605,17757646299612,4.69677,0.081409,4.490007,3840
live,80,17757651602842,17757651729984,17757651985635,17757657503463,5.900621,0.255651,5.517828,3840
live,81,17757661602842,17757661722044,17757661800445,17757667160479,5.557637,0.078401,5.360034,3840
live,82,17757671602842,17757671748696,17757671842553,17757676592980,4.990138,0.093857,4.750427,3840
live,83,17757681602842,17757681726707,17757681795892,17757686232139,4.629297,0.069185,4.436247,3840
live,84,17757691602842,17757691731215,17757691804080,17757696558059,4.955217,0.072865,4.753979,3840
live,85,17757701602842,17757701729099,17757701798604,17757706178210,4.575368,0.069505,4.379606,3840
live,86,17757711602842,17757711726535,17757711799944,17757716518883,4.916041,0.073409,4.718939,3840
live,87,17757721602842,17757721744995,17757721825572,17757726160698,4.557856,0.080577,4.335126,3840
live,88,17757731602842,17757731728351,17757731803424,17757736062645,4.459803,0.075073,4.259221,3840
live,89,17757741602842,17757741730267,17757741807772,17757746280755,4.677913,0.077505,4.472983,3840
live,90,17757751602842,17757751707159,17757751777975,17757756585139,4.982297,0.070816,4.807164,3840
live,91,17757761602842,17757761720851,17757761789108,17757765626531,4.023689,0.068257,3.837423,3840
live,92,17757771602842,17757771743279,17757771999538,17757778100094,6.497252,0.256259,6.100556,3840
live,93,17757781602842,17757781707722,17757781776747,17757786211714,4.608872,0.069025,4.434967,3840
live,94,17757791602842,17757791728102,17757791802599,17757796529762,4.92692,0.074497,4.727163,3840
live,95,17757801602842,17757801728098,17757801797219,17757806625663,5.022821,0.069121,4.828444,3840
live,96,17757811602842,17757811726078,17757811797855,17757816515098,4.912256,0.071777,4.717243,3840
live,97,17757821602842,17757821971837,17757822077215,17757827338400,5.735558,0.105378,5.261185,3840
live,98,17757831602842,17757831746742,17757831851672,17757835610726,4.007884,0.10493,3.759054,3840
replay,99,17757841602842,17757842031862,17757842111255,17757853498308,11.895466,0.079393,11.387053,292352
live,99,17757841602842,17757841984149,17757842312313,17757853451395,11.848553,0.328164,11.139082,3840
live,100,17757851602842,17757852147091,17757853591397,17757858245727,6.642885,1.444306,4.65433,3840
live,101,17757861602842,17757861748778,17757861821931,17757865897854,4.295012,0.073153,4.075923,3840
live,102,17757871602842,17757871724518,17757871788743,17757876852005,5.249163,0.064225,5.063262,3840
live,103,17757881602842,17757881738594,17757881815043,17757885700467,4.097625,0.076449,3.885424,3840
live,104,17757891602842,17757891726974,17757891807231,17757896125556,4.522714,0.080257,4.318325,3840
live,105,17757901602842,17757901727162,17757901798138,17757905814860,4.212018,0.070976,4.016722,3840
live,106,17757911602842,17757911723541,17757911786646,17757916260014,4.657172,0.063105,4.473368,3840
live,107,17757921602842,17757921723633,17757921797490,17757926722063,5.119221,0.073857,4.924573,3840
live,108,17757931602842,17757931748782,17757931841359,17757935839872,4.23703,0.092577,3.998513,3840
live,109,17757941602842,17757941732265,17757941816906,17757945978526,4.375684,0.084641,4.16162,3840
live,110,17757951602842,17757951736965,17757951819750,17757956581857,4.979015,0.082785,4.762107,3840
live,111,17757961602842,17757961730241,17757961808066,17757966471740,4.868898,0.077825,4.663674,3840
live,112,17757971602842,17757971728957,17757971796382,17757976966014,5.363172,0.067425,5.169632,3840
live,113,17757981602842,17757981749337,17757981832282,17757986199024,4.596182,0.082945,4.366742,3840
live,114,17757991602842,17757991736789,17757991815030,17757996549648,4.946806,0.078241,4.734618,3840
live,115,17758001602842,17758001726609,17758001795377,17758006389706,4.786864,0.068768,4.594329,3840
live,116,17758011602842,17758011706796,17758011761773,17758015978145,4.375303,0.054977,4.216372,3840
live,117,17758021602842,17758021714504,17758021769641,17758025517399,3.914557,0.055137,3.747758,3840
live,118,17758031602842,17758031733732,17758031805957,17758035804439,4.201597,0.072225,3.998482,3840
live,119,17758041602842,17758041724992,17758041796097,17758045715730,4.112888,0.071105,3.919633,3840
live,120,17758051602842,17758051729404,17758051816253,17758057299553,5.696711,0.086849,5.4833,3840
live,121,17758061602842,17758061727832,17758061805817,17758066360882,4.75804,0.077985,4.555065,3840
live,122,17758071602842,17758071723892,17758071798773,17758075791782,4.18894,0.074881,3.993009,3840
live,123,17758081602842,17758081744496,17758081822161,17758086419306,4.816464,0.077665,4.597145,3840
live,124,17758091602842,17758091732620,17758091807085,17758095773854,4.171012,0.074465,3.966769,3840
live,125,17758101602842,17758101722856,17758101781416,17758106234624,4.631782,0.05856,4.453208,3840
live,126,17758111602842,17758111723588,17758111802981,17758115812950,4.210108,0.079393,4.009969,3840
live,127,17758121602842,17758121724672,17758121784768,17758125650288,4.047446,0.060096,3.86552,3840
live,128,17758131602842,17758131746524,17758131835837,17758136034225,4.431383,0.089313,4.198388,3840
live,129,17758141602842,17758141734552,17758141808664,17758146537939,4.935097,0.074112,4.729275,3840
live,130,17758151602842,17758151729907,17758151806772,17758156291788,4.688946,0.076865,4.485016,3840
live,131,17758161602842,17758161734415,17758161815824,17758166743821,5.140979,0.081409,4.927997,3840
live,132,17758171602842,17758171708683,17758171775244,17758176917291,5.314449,0.066561,5.142047,3840
live,133,17758181602842,17758181746983,17758181827976,17758186625028,5.022186,0.080993,4.797052,3840
live,134,17758191602842,17758191731523,17758191803076,17758196472606,4.869764,0.071553,4.66953,3840
live,135,17758201602842,17758201726047,17758201798208,17758206467738,4.864896,0.072161,4.66953,3840
live,136,17758211602842,17758211730939,17758211817788,17758216606295,5.003453,0.086849,4.788507,3840
live,137,17758221602842,17758221726103,17758221798328,17758226508178,4.905336,0.072225,4.70985,3840
live,138,17758231602842,17758231749523,17758231833460,17758236240299,4.637457,0.083937,4.406839,3840
live,139,17758241602842,17758241731375,17758241807568,17758246321447,4.718605,0.076193,4.513879,3840
live,140,17758251602842,17758251713962,17758251769483,17758257686004,6.083162,0.055521,5.916521,3840
live,141,17758261602842,17758261718566,17758261787271,17758266379008,4.776166,0.068705,4.591737,3840
live,142,17758271602842,17758271725474,17758271794371,17758275900182,4.29734,0.068897,4.105811,3840
live,143,17758281602842,17758281742142,17758281832352,17758286270103,4.667261,0.09021,4.437751,3840
live,144,17758291602842,17758291968477,17758292081503,17758296549238,4.946396,0.113026,4.467735,3840
live,145,17758301602842,17758301751478,17758301828343,17758305752680,4.149838,0.076865,3.924337,3840
live,146,17758311602842,17758311732274,17758311806611,17758316236842,4.634,0.074337,4.430231,3840
live,147,17758321602842,17758321707886,17758321775662,17758326547850,4.945008,0.067776,4.772188,3840
live,148,17758331602842,17758331724202,17758331807467,17758335845149,4.242307,0.083265,4.037682,3840
live,149,17758341602842,17758341724006,17758341804583,17758346399072,4.79623,0.080577,4.594489,3840
live,150,17758351602842,17758351704769,17758351766658,17758356059575,4.456733,0.061889,4.292917,3840
live,151,17758361602842,17758361730270,17758361794366,17758366052275,4.449433,0.064096,4.257909,3840
live,152,17758371602842,17758371760346,17758371839771,17758376373427,4.770585,0.079425,4.533656,3840
live,153,17758381602842,17758381880375,17758382027609,17758387155673,5.552831,0.147234,5.128064,3840
live,154,17758391602842,17758391735633,17758391815570,17758396341482,4.73864,0.079937,4.525912,3840
live,155,17758401602842,17758401721261,17758401779118,17758406502024,4.899182,0.057857,4.722906,3840
live,156,17758411602842,17758411721065,17758411802378,17758416581989,4.979147,0.081313,4.779611,3840
live,157,17758421602842,17758421702501,17758421759589,17758426261789,4.658947,0.057088,4.5022,3840
live,158,17758431602842,17758431702433,17758431751297,17758436671902,5.06906,0.048864,4.920605,3840
live,159,17758441602842,17758441744157,17758441841918,17758446385111,4.782269,0.097761,4.543193,3840
live,160,17758451602842,17758451734393,17758451805018,17758457650370,6.047528,0.070625,5.845352,3840
live,161,17758461602842,17758461720757,17758461779669,17758466201996,4.599154,0.058912,4.422327,3840
live,162,17758471602842,17758471715408,17758471780657,17758476196872,4.59403,0.065249,4.416215,3840
live,163,17758481602842,17758481714956,17758481785421,17758486759403,5.156561,0.070465,4.973982,3840
live,164,17758491602842,17758491703624,17758491768009,17758496619621,5.016779,0.064385,4.851612,3840
live,165,17758501602842,17758501718500,17758501801381,17758506463615,4.860773,0.082881,4.662234,3840
live,166,17758511602842,17758511722816,17758511803489,17758516899648,5.296806,0.080673,5.096159,3840
live,167,17758521602842,17758521741788,17758521822621,17758526614649,5.011807,0.080833,4.792028,3840
live,168,17758531602842,17758531726936,17758531788185,17758536547476,4.944634,0.061249,4.759291,3840
live,169,17758541602842,17758541719700,17758541789877,17758546226092,4.62325,0.070177,4.436215,3840
live,170,17758551602842,17758551722064,17758551788913,17758556545356,4.942514,0.066849,4.756443,3840
live,171,17758561602842,17758561718060,17758561784621,17758566261732,4.65889,0.066561,4.477111,3840
live,172,17758571602842,17758571714568,17758571771752,17758576553476,4.950634,0.057184,4.781724,3840
live,173,17758581602842,17758581703363,17758581755044,17758586010585,4.407743,0.051681,4.255541,3840
live,174,17758591602842,17758591719039,17758591796192,17758596564411,4.961569,0.077153,4.768219,3840
live,175,17758601602842,17758601721691,17758601795228,17758606477398,4.874556,0.073537,4.68217,3840
live,176,17758611602842,17758611715959,17758611787352,17758617640033,6.037191,0.071393,5.852681,3840
live,177,17758621602842,17758621703635,17758621739443,17758626857715,5.254873,0.035808,5.118272,3840
live,178,17758631602842,17758631711599,17758631787184,17758636517803,4.914961,0.075585,4.730619,3840
live,179,17758641602842,17758641717547,17758641778732,17758646122146,4.519304,0.061185,4.343414,3840
live,180,17758651602842,17758651718791,17758651783176,17758658132694,6.529852,0.064385,6.349518,3840
live,181,17758661602842,17758661712195,17758661776516,17758665740533,4.137691,0.064321,3.964017,3840
live,182,17758671602842,17758671714463,17758671784416,17758676037716,4.434874,0.069953,4.2533,3840
live,183,17758681602842,17758681713115,17758681767099,17758685650859,4.048017,0.053984,3.88376,3840
live,184,17758691602842,17758691716887,17758691792439,17758695770665,4.167823,0.075552,3.978226,3840
live,185,17758701602842,17758701714034,17758701765459,17758705657731,4.054889,0.051425,3.892272,3840
live,186,17758711602842,17758711710414,17758711785231,17758715656895,4.054053,0.074817,3.871664,3840
live,187,17758721602842,17758721715114,17758721787243,17758725073812,3.47097,0.072129,3.286569,3840
live,188,17758731602842,17758731721446,17758731803591,17758736711492,5.10865,0.082145,4.907901,3840
live,189,17758741602842,17758741752771,17758741850788,17758746448349,4.845507,0.098017,4.597561,3840
live,190,17758751602842,17758751733022,17758751809695,17758756425176,4.822334,0.076673,4.615481,3840
live,191,17758761602842,17758761726874,17758761810491,17758766328755,4.725913,0.083617,4.518264,3840
live,192,17758771602842,17758771730230,17758771809207,17758776329135,4.726293,0.078977,4.519928,3840
live,193,17758781602842,17758781730706,17758781815251,17758786434892,4.83205,0.084545,4.619641,3840
live,194,17758791602842,17758791747534,17758791830351,17758796458888,4.856046,0.082817,4.628537,3840
live,195,17758801602842,17758801728906,17758801796107,17758806514053,4.911211,0.067201,4.717946,3840
live,196,17758811602842,17758811728102,17758811813607,17758816585762,4.98292,0.085505,4.772155,3840
live,197,17758821602842,17758821727746,17758821808323,17758826338011,4.735169,0.080577,4.529688,3840
live,198,17758831602842,17758831729245,17758831805822,17758836342391,4.739549,0.076577,4.536569,3840
live,199,17758841602842,17758842027709,17758842169887,17758854080498,12.477656,0.142178,11.910611,3840
replay,199,17758841602842,17758842086174,17758842367521,17758853964017,12.361175,0.281347,11.596496,292352
live,200,17758851602842,17758852185019,17758854159155,17758859300147,7.697305,1.974136,5.140992,3840
live,201,17758861602842,17758861744465,17758861820594,17758865758595,4.155753,0.076129,3.938001,3840
live,202,17758871602842,17758871719533,17758871775118,17758875505788,3.902946,0.055585,3.73067,3840
live,203,17758881602842,17758881714601,17758881789994,17758885606809,4.003967,0.075393,3.816815,3840
live,204,17758891602842,17758891944296,17758892269996,17758896664546,5.061704,0.3257,4.39455,3840
live,205,17758901602842,17758901746529,17758901825890,17758906347514,4.744672,0.079361,4.521624,3840
live,206,17758911602842,17758911740957,17758911856830,17758916301493,4.698651,0.115873,4.444663,3840
live,207,17758921602842,17758921737209,17758921820026,17758926671638,5.068796,0.082817,4.851612,3840
live,208,17758931602842,17758931732117,17758931839286,17758935804519,4.201677,0.107169,3.965233,3840
live,209,17758941602842,17758941733169,17758941841106,17758946980050,5.377208,0.107937,5.138944,3840
live,210,17758951602842,17758951740429,17758951822894,17758956608297,5.005455,0.082465,4.785403,3840
live,211,17758961602842,17758961772073,17758961872682,17758966358146,4.755304,0.100609,4.485464,3840
live,212,17758971602842,17758971739332,17758971811525,17758976479519,4.876677,0.072193,4.667994,3840
live,213,17758981602842,17758981734112,17758981809761,17758986580188,4.977346,0.075649,4.770427,3840
live,214,17758991602842,17758991733468,17758991811645,17758997737671,6.134829,0.078177,5.926026,3840
live,215,17759001602842,17759001733912,17759001810969,17759006160335,4.557493,0.077057,4.349366,3840
live,216,17759011602842,17759011727092,17759011803029,17759016199915,4.597073,0.075937,4.396886,3840
live,217,17759021602842,17759021718992,17759021771632,17759025642528,4.039686,0.05264,3.870896,3840
live,218,17759031602842,17759031717900,17759031778700,17759035636316,4.033474,0.0608,3.857616,3840
live,219,17759041602842,17759041722984,17759041801737,17759046278784,4.675942,0.078753,4.477047,3840
live,220,17759051602842,17759051736388,17759051812325,17759057723854,6.121012,0.075937,5.911529,3840
live,221,17759061602842,17759061734624,17759061811681,17759066078357,4.475515,0.077057,4.266676,3840
live,222,17759071602842,17759071721723,17759071772796,17759076051217,4.448375,0.051073,4.278421,3840
live,223,17759081602842,17759081720087,17759081793816,17759085792138,4.189296,0.073729,3.998322,3840
live,224,17759091602842,17759091722867,17759091784916,17759096244203,4.641361,0.062049,4.459287,3840
live,225,17759101602842,17759101726863,17759101803056,17759107604088,6.001246,0.076193,5.801032,3840
live,226,17759111602842,17759111741227,17759111818604,17759116305412,4.70257,0.077377,4.486808,3840
live,227,17759121602842,17759121725767,17759121798408,17759125809402,4.20656,0.072641,4.010994,3840
live,228,17759131602842,17759131753123,17759131816420,17759135707508,4.104666,0.063297,3.891088,3840
live,229,17759141602842,17759141735903,17759141795808,17759145705808,4.102966,0.059905,3.91,3840
live,230,17759151602842,17759151720411,17759151782171,17759155886222,4.28338,0.06176,4.104051,3840
live,231,17759161602842,17759161748023,17759161828472,17759166175342,4.5725,0.080449,4.34687,3840
live,232,17759171602842,17759171764307,17759171855572,17759176680688,5.077846,0.091265,4.825116,3840
live,233,17759181602842,17759181794063,17759181889168,17759186732652,5.12981,0.095105,4.843484,3840
live,234,17759191602842,17759191758475,17759192049102,17759196511750,4.908908,0.290627,4.462648,3840
live,235,17759201602842,17759201732326,17759201986570,17759206609027,5.006185,0.254244,4.622457,3840
live,236,17759211602842,17759211733250,17759211812899,17759216615583,5.012741,0.079649,4.802684,3840
live,237,17759221602842,17759221736318,17759221818719,17759226316311,4.713469,0.082401,4.497592,3840
live,238,17759231602842,17759231724410,17759231784891,17759236235858,4.633016,0.060481,4.450967,3840
live,239,17759241602842,17759241728566,17759241803447,17759246491601,4.888759,0.074881,4.688154,3840
live,240,17759251602842,17759251731154,17759251799795,17759257938335,6.335493,0.068641,6.13854,3840
live,241,17759261602842,17759261729678,17759261810479,17759266151749,4.548907,0.080801,4.34127,3840
live,242,17759271602842,17759271724778,17759271822571,17759276559110,4.956268,0.097793,4.736539,3840
live,243,17759281602842,17759281728230,17759281799463,17759286968615,5.365773,0.071233,5.169152,3840
live,244,17759291602842,17759291725282,17759291799106,17759296043959,4.441117,0.073824,4.244853,3840
live,245,17759301602842,17759301727933,17759301801278,17759306613050,5.010208,0.073345,4.811772,3840
live,246,17759311602842,17759311717625,17759311785850,17759316322642,4.7198,0.068225,4.536792,3840
live,247,17759321602842,17759321721621,17759321791414,17759326310190,4.707348,0.069793,4.518776,3840
live,248,17759331602842,17759331729457,17759331835187,17759336272650,4.669808,0.10573,4.437463,3840
live,249,17759341602842,17759341719725,17759341794030,17759346160260,4.557418,0.074305,4.36623,3840
live,250,17759351602842,17759351726441,17759351827882,17759355828092,4.22525,0.101441,4.00021,3840
live,251,17759361602842,17759361723941,17759361816326,17759365638005,4.035163,0.092385,3.821679,3840
live,252,17759371602842,17759371729665,17759371981956,17759375997846,4.395004,0.252291,4.01589,3840
live,253,17759381602842,17759381717853,17759381792094,17759386581177,4.978335,0.074241,4.789083,3840
live,254,17759391602842,17759391732537,17759391851034,17759396525236,4.922394,0.118497,4.674202,3840
live,255,17759401602842,17759401897303,17759402025368,17759406590225,4.987383,0.128065,4.564857,3840
live,256,17759411602842,17759411768049,17759411852018,17759416568557,4.965715,0.083969,4.716539,3840
live,257,17759421602842,17759421737261,17759421822126,17759426301381,4.698539,0.084865,4.479255,3840
live,258,17759431602842,17759431739977,17759431817673,17759436539492,4.93665,0.077696,4.721819,3840
live,259,17759441602842,17759441732004,17759441810277,17759446070714,4.467872,0.078273,4.260437,3840
live,260,17759451602842,17759451740160,17759451821537,17759458858137,7.255295,0.081377,7.0366,3840
live,261,17759461602842,17759461720060,17759461790621,17759465758094,4.155252,0.070561,3.967473,3840
live,262,17759471602842,17759471723064,17759471791161,17759476205775,4.602933,0.068097,4.414614,3840
live,263,17759481602842,17759481718772,17759481789717,17759486285228,4.682386,0.070945,4.495511,3840
live,264,17759491602842,17759491735184,17759491813745,17759496571148,4.968306,0.078561,4.757403,3840
live,265,17759501602842,17759501726732,17759501801837,17759506801643,5.198801,0.075105,4.999806,3840
live,266,17759511602842,17759511726952,17759511799785,17759516494371,4.891529,0.072833,4.694586,3840
live,267,17759521602842,17759521740804,17759521824773,17759526521023,4.918181,0.083969,4.69625,3840
live,268,17759531602842,17759531726047,17759531800736,17759536497723,4.894881,0.074689,4.696987,3840
live,269,17759541602842,17759541727419,17759541800988,17759546526519,4.923677,0.073569,4.725531,3840
live,270,17759551602842,17759551729495,17759551809272,17759557419902,5.81706,0.079777,5.61063,3840
live,271,17759561602842,17759561739379,17759561820980,17759566362829,4.759987,0.081601,4.541849,3840
live,272,17759571602842,17759571740143,17759571822352,17759576484330,4.881488,0.082209,4.661978,3840
live,273,17759581602842,17759581720619,17759581799116,17759586535687,4.932845,0.078497,4.736571,3840
live,274,17759591602842,17759591727591,17759591806600,17759596100669,4.497827,0.079009,4.294069,3840
live,275,17759601602842,17759601731075,17759601811172,17759606330204,4.727362,0.080097,4.519032,3840
live,276,17759611602842,17759611727519,17759611801920,17759617088065,5.485223,0.074401,5.286145,3840
live,277,17759621602842,17759621739451,17759621823804,17759626218770,4.615928,0.084353,4.394966,3840
live,278,17759631602842,17759631740279,17759631853848,17759636496402,4.89356,0.113569,4.642554,3840
live,279,17759641602842,17759641736147,17759641811572,17759646510766,4.907924,0.075425,4.699194,3840
live,280,17759651602842,17759651730607,17759651807823,17759658058653,6.455811,0.077216,6.25083,3840
live,281,17759661602842,17759661728170,17759661800555,17759666627719,5.024877,0.072385,4.827164,3840
live,282,17759671602842,17759671729862,17759671832360,17759676353376,4.750534,0.102498,4.521016,3840
live,283,17759681602842,17759681734722,17759681810691,17759686169849,4.567007,0.075969,4.359158,3840
live,284,17759691602842,17759691735998,17759691817599,17759696548058,4.945216,0.081601,4.730459,3840
live,285,17759701602842,17759701739066,17759701823963,17759707170237,5.567395,0.084897,5.346274,3840
live,286,17759711602842,17759711735574,17759711848823,17759716317391,4.714549,0.113249,4.468568,3840
live,287,17759721602842,17759721743634,17759721827379,17759726397388,4.794546,0.083745,4.570009,3840
live,288,17759731602842,17759731737038,17759731844431,17759735821985,4.219143,0.107393,3.977554,3840
live,289,17759741602842,17759741734602,17759741983245,17759746661767,5.058925,0.248643,4.678522,3840
live,290,17759751602842,17759751727782,17759751806375,17759756493697,4.890855,0.078593,4.687322,3840
live,291,17759761602842,17759761736770,17759761814499,17759766204473,4.601631,0.077729,4.389974,3840
live,292,17759771602842,17759771739646,17759771823007,17759776564185,4.961343,0.083361,4.741178,3840
live,293,17759781602842,17759781731353,17759781805882,17759786529589,4.926747,0.074529,4.723707,3840
live,294,17759791602842,17759791731637,17759791807606,17759796166796,4.563954,0.075969,4.35919,3840
live,295,17759801602842,17759801728465,17759801811410,17759806738383,5.135541,0.082945,4.926973,3840
live,296,17759811602842,17759811731469,17759811809230,17759816134436,4.531594,0.077761,4.325206,3840
live,297,17759821602842,17759821729769,17759821805290,17759826099519,4.496677,0.075521,4.294229,3840
live,298,17759831602842,17759831730789,17759831836902,17759836373279,4.770437,0.106113,4.536377,3840
live,299,17759841602842,17759842004996,17759842173606,17759854730978,13.128136,0.16861,12.557372,3840
replay,299,17759841602842,17759842088133,17759842419209,17759853738902,12.13606,0.331076,11.319693,292352
live,300,17759851602842,17759852042849,17759854833731,17759862229343,10.626501,2.790882,7.395612,3840
live,301,17759861602842,17759861835834,17759862317600,17759864940769,3.337927,0.481766,2.623169,3840
live,302,17759871602842,17759871724981,17759871823446,17759875445187,3.842345,0.098465,3.621741,3840
live,303,17759881602842,17759881723856,17759881816658,17759885624993,4.022151,0.092802,3.808335,3840
live,304,17759891602842,17759891751661,17759891850926,17759896161603,4.558761,0.099265,4.310677,3840
live,305,17759901602842,17759901745065,17759901816009,17759905781275,4.178433,0.070944,3.965266,3840
live,306,17759911602842,17759911724356,17759911817253,17759916479519,4.876677,0.092897,4.662266,3840
live,307,17759921602842,17759921730752,17759921807521,17759925898772,4.29593,0.076769,4.091251,3840
live,308,17759931602842,17759931726108,17759931827837,17759935809231,4.206389,0.101729,3.981394,3840
live,309,17759941602842,17759941721784,17759941791961,17759945725162,4.12232,0.070177,3.933201,3840
live,310,17759951602842,17759951726900,17759951983447,17759957190584,5.587742,0.256547,5.207137,3840
live,311,17759961602842,17759961724240,17759961804465,17759967153107,5.550265,0.080225,5.348642,3840
live,312,17759971602842,17759971736204,17759971818445,17759976556808,4.953966,0.082241,4.738363,3840
live,313,17759981602842,17759981730888,17759981810793,17759986299008,4.696166,0.079905,4.488215,3840
live,314,17759991602842,17759991734500,17759991821957,17759996469086,4.866244,0.087457,4.647129,3840
live,315,17760001602842,17760001715775,17760001793920,17760006542715,4.939873,0.078145,4.748795,3840
live,316,17760011602842,17760011728059,17760011808828,17760017231520,5.628678,0.080769,5.422692,3840
live,317,17760021602842,17760021733367,17760021816792,17760026362257,4.759415,0.083425,4.545465,3840
live,318,17760031602842,17760031735347,17760031815444,17760036570287,4.967445,0.080097,4.754843,3840
live,319,17760041602842,17760041727887,17760041801328,17760046565835,4.962993,0.073441,4.764507,3840
live,320,17760051602842,17760051729771,17760051796492,17760057821239,6.218397,0.066721,6.024747,3840
live,321,17760061602842,17760061774728,17760061868969,17760066527746,4.924904,0.094241,4.658777,3840
live,322,17760071602842,17760071739395,17760071824452,17760075965655,4.362813,0.085057,4.141203,3840
live,323,17760081602842,17760081728671,17760081803552,17760085730000,4.127158,0.074881,3.926448,3840
live,324,17760091602842,17760091724859,17760091796604,17760096538454,4.935612,0.071745,4.74185,3840
live,325,17760101602842,17760101720471,17760101789143,17760106320848,4.718006,0.068672,4.531705,3840
live,326,17760111602842,17760111708978,17760111761619,17760115823205,4.220363,0.052641,4.061586,3840
live,327,17760121602842,17760121722286,17760121801263,17760126085444,4.482602,0.078977,4.284181,3840
live,328,17760131602842,17760131726442,17760131804203,17760136572774,4.969932,0.077761,4.768571,3840
live,329,17760141602842,17760141717062,17760141793031,17760146138685,4.535843,0.075969,4.345654,3840
live,330,17760151602842,17760151719266,17760151777795,17760155846773,4.243931,0.058529,4.068978,3840
live,331,17760161602842,17760161717822,17760161777887,17760165789713,4.186871,0.060065,4.011826,3840
live,332,17760171602842,17760171719290,17760171792571,17760176677975,5.075133,0.073281,4.885404,3840
live,333,17760181602842,17760181721814,17760181791767,17760186532754,4.929912,0.069953,4.740987,3840
live,334,17760191602842,17760191720914,17760191793043,17760196504333,4.901491,0.072129,4.71129,3840
live,335,17760201602842,17760201724846,17760201789903,17760206998479,5.395637,0.065057,5.208576,3840
live,336,17760211602842,17760211752074,17760211854283,17760217950263,6.347421,0.102209,6.09598,3840
live,337,17760221602842,17760221762118,17760221871399,17760228478777,6.875935,0.109281,6.607378,3840
live,338,17760231602842,17760231778914,17760231876227,17760237648939,6.046097,0.097313,5.772712,3840
live,339,17760241602842,17760241759742,17760241860415,17760249392444,7.789602,0.100673,7.532029,3840
live,340,17760251602842,17760251750010,17760251817851,17760256404659,4.801817,0.067841,4.586808,3840
live,341,17760261602842,17760261721237,17760261770422,17760264933501,3.330659,0.049185,3.163079,3840
live,342,17760271602842,17760271752690,17760271860787,17760276537581,4.934739,0.108097,4.676794,3840
live,343,17760281602842,17760281768942,17760281871535,17760285316122,3.71328,0.102593,3.444587,3840
live,344,17760291602842,17760291756649,17760291832522,17760294895728,3.292886,0.075873,3.063206,3840
live,345,17760301602842,17760301723461,17760301799270,17760305924121,4.321279,0.075809,4.124851,3840
live,346,17760311602842,17760311755937,17760311859779,17760318348659,6.745817,0.103842,6.48888,3840
live,347,17760321602842,17760321773629,17760321873919,17760327665158,6.062316,0.10029,5.791239,3840
live,348,17760331602842,17760331772377,17760331871419,17760337870437,6.267595,0.099042,5.999018,3840
live,349,17760341602842,17760341767989,17760341853622,17760346281709,4.678867,0.085633,4.428087,3840
live,350,17760351602842,17760351741201,17760351813202,17760354798679,3.195837,0.072001,2.985477,3840
live,351,17760361602842,17760361726508,17760362040912,17760369262282,7.65944,0.314404,7.22137,3840
live,352,17760371602842,17760371850314,17760372018956,17760376746023,5.143181,0.168642,4.727067,3840
live,353,17760381602842,17760381715556,17760381769573,17760385018573,3.415731,0.054017,3.249,3840
live,354,17760391602842,17760391750529,17760391850402,17760395799955,4.197113,0.099873,3.949553,3840
live,355,17760401602842,17760401747036,17760401818525,17760404801570,3.198728,0.071489,2.983045,3840
live,356,17760411602842,17760411726744,17760411807385,17760415955692,4.35285,0.080641,4.148307,3840
live,357,17760421602842,17760421750612,17760421855542,17760429340626,7.737784,0.10493,7.485084,3840
live,358,17760431602842,17760431750576,17760431822257,17760434865303,3.262461,0.071681,3.043046,3840
live,359,17760441602842,17760441715372,17760441778700,17760445642748,4.039906,0.063328,3.864048,3840
live,360,17760451602842,17760451743880,17760451829673,17760458024726,6.421884,0.085793,6.195053,3840
live,361,17760461602842,17760461741188,17760461806405,17760464815370,3.212528,0.065217,3.008965,3840
live,362,17760471602842,17760471722016,17760471794784,17760476881119,5.278277,0.072768,5.086335,3840
live,363,17760481602842,17760481749788,17760481850237,17760486000656,4.397814,0.100449,4.150419,3840
live,364,17760491602842,17760491746200,17760491815545,17760494786941,3.184099,0.069345,2.971396,3840
live,365,17760501602842,17760501710547,17760501771188,17760505311968,3.709126,0.060641,3.54078,3840
live,366,17760511602842,17760511741871,17760511831473,17760515679968,4.077126,0.089602,3.848495,3840
live,367,17760521602842,17760521746539,17760521830508,17760525404857,3.802015,0.083969,3.574349,3840
live,368,17760531602842,17760531718855,17760531787400,17760535680600,4.077758,0.068545,3.8932,3840
live,369,17760541602842,17760541750147,17760541822692,17760544916651,3.313809,0.072545,3.093959,3840
live,370,17760551602842,17760551773631,17760552119076,17760555357420,3.754578,0.345445,3.238344,3840
live,371,17760561602842,17760561720315,17760561797116,17760565914223,4.311381,0.076801,4.117107,3840
live,372,17760571602842,17760571764183,17760571871513,17760577825474,6.222632,0.10733,5.953961,3840
live,373,17760581602842,17760581770131,17760581864212,17760588453670,6.850828,0.094081,6.589458,3840
live,374,17760591602842,17760591763631,17760591853136,17760596144965,4.542123,0.089505,4.291829,3840
live,375,17760601602842,17760601748523,17760601818252,17760604930066,3.327224,0.069729,3.111814,3840
live,376,17760611602842,17760611746887,17760612071595,17760616140317,4.537475,0.324708,4.068722,3840
live,377,17760621602842,17760621741378,17760621824772,17760625953175,4.350333,0.083394,4.128403,3840
live,378,17760631602842,17760631759999,17760631847232,17760636205238,4.602396,0.087233,4.358006,3840
live,379,17760641602842,17760641787835,17760642144831,17760645439400,3.836558,0.356996,3.294569,3840
live,380,17760651602842,17760651753270,17760651826775,17760657144921,5.542079,0.073505,5.318146,3840
live,381,17760661602842,17760661764690,17760661845139,17760665600354,3.997512,0.080449,3.755215,3840
live,382,17760671602842,17760671720878,17760671788271,17760675366299,3.763457,0.067393,3.578028,3840
live,383,17760681602842,17760681747594,17760681850507,17760685786716,4.183874,0.102913,3.936209,3840
live,384,17760691602842,17760691752614,17760691837927,17760695418995,3.816153,0.085313,3.581068,3840
live,385,17760701602842,17760701714401,17760701781698,17760705574001,3.971159,0.067297,3.792303,3840
live,386,17760711602842,17760711789598,17760712180099,17760718351056,6.748214,0.390501,6.170957,3840
live,387,17760721602842,17760721734842,17760721815035,17760724808672,3.20583,0.080193,2.993637,3840
live,388,17760731602842,17760731707637,17760731760278,17760734411095,2.808253,0.052641,2.650817,3840
live,389,17760741602842,17760741735313,17760741810066,17760744868536,3.265694,0.074753,3.05847,3840
live,390,17760751602842,17760751740749,17760751809870,17760754520944,2.918102,0.069121,2.711074,3840
live,391,17760761602842,17760761714729,17760761779882,17760765827452,4.22461,0.065153,4.04757,3840
live,392,17760771602842,17760771751077,17760771835846,17760776153276,4.550434,0.084769,4.31743,3840
live,393,17760781602842,17760781740961,17760781808386,17760784952041,3.349199,0.067425,3.143655,3840
live,394,17760791602842,17760791725085,17760791796542,17760796135156,4.532314,0.071457,4.338614,3840
live,395,17760801602842,17760801729657,17760801804282,17760807556321,5.953479,0.074625,5.752039,3840
live,396,17760811602842,17760811742901,17760811822262,17760815560836,3.957994,0.079361,3.738574,3840
live,397,17760821602842,17760821716369,17760821782161,17760825368670,3.765828,0.065792,3.586509,3840
live,398,17760831602842,17760831777677,17760831893775,17760836174404,4.571562,0.116098,4.280629,3840
live,399,17760841602842,17760842419313,17760842631316,17760855756022,14.15318,0.212003,13.124706,3840
replay,399,17760841602842,17760842510802,17760842988984,17760860421680,18.818838,0.478182,17.432696,292352
live,400,17760851602842,17760852578255,17760856051930,17760866579452,14.97661,3.473675,10.527522,3840
live,401,17760861602842,17760861951075,17760866662397,17760869292670,7.689828,4.711322,2.630273,3840
live,402,17760871602842,17760871730044,17760871798653,17760875421706,3.818864,0.068609,3.623053,3840
live,403,17760881602842,17760881890522,17760882012476,17760886027085,4.424243,0.121954,4.014609,3840
live,404,17760891602842,17760891732788,17760891814869,17760895435938,3.833096,0.082081,3.621069,3840
live,405,17760901602842,17760901750416,17760901837969,17760905753986,4.151144,0.087553,3.916017,3840
live,406,17760911602842,17760911746764,17760911827917,17760915355801,3.752959,0.081153,3.527884,3840
live,407,17760921602842,17760921719368,17760921784681,17760925614648,4.011806,0.065313,3.829967,3840
live,408,17760931602842,17760931738628,17760931806053,17760935414097,3.811255,0.067425,3.608044,3840
live,409,17760941602842,17760941721920,17760941793152,17760945757394,4.154552,0.071232,3.964242,3840
live,410,17760951602842,17760951738428,17760951802204,17760954755361,3.152519,0.063776,2.953157,3840
live,411,17760961602842,17760961704599,17760961752568,17760965299332,3.69649,0.047969,3.546764,3840
live,412,17760971602842,17760971751924,17760971835477,17760976038793,4.435951,0.083553,4.203316,3840
live,413,17760981602842,17760981732271,17760981805168,17760984814646,3.211804,0.072897,3.009478,3840
live,414,17760991602842,17760991717739,17760991785708,17760995738813,4.135971,0.067969,3.953105,3840
live,415,17761001602842,17761001764392,17761002117196,17761005352212,3.74937,0.352804,3.235016,3840
live,416,17761011602842,17761011735683,17761011799780,17761014873482,3.27064,0.064097,3.073702,3840
live,417,17761021602842,17761021739199,17761021819328,17761028067310,6.464468,0.080129,6.247982,3840
live,418,17761031602842,17761031749339,17761031815100,17761035006980,3.404138,0.065761,3.19188,3840
live,419,17761041602842,17761041720951,17761041793784,17761046237007,4.634165,0.072833,4.443223,3840
live,420,17761051602842,17761051806964,17761051920533,17761058442342,6.8395,0.113569,6.521809,3840
live,421,17761061602842,17761061856176,17761061952913,17761065949571,4.346729,0.096737,3.996658,3840
live,422,17761071602842,17761071756875,17761071846924,17761075446233,3.843391,0.090049,3.599309,3840
live,423,17761081602842,17761081731271,17761081797287,17761085521333,3.918491,0.066016,3.724046,3840
live,424,17761091602842,17761091745795,17761091836356,17761094998219,3.395377,0.090561,3.161863,3840
live,425,17761101602842,17761101736702,17761101814175,17761105671759,4.068917,0.077473,3.857584,3840
live,426,17761111602842,17761111783675,17761112177632,17761118961908,7.359066,0.393957,6.784276,3840
live,427,17761121602842,17761121781687,17761121864888,17761125059551,3.456709,0.083201,3.194663,3840
live,428,17761131602842,17761131742290,17761131815059,17761135717764,4.114922,0.072769,3.902705,3840
live,429,17761141602842,17761141768078,17761141864880,17761146195653,4.592811,0.096802,4.330773,3840
live,430,17761151602842,17761151757162,17761151828267,17761154822896,3.220054,0.071105,2.994629,3840
live,431,17761161602842,17761161721798,17761161800135,17761165670615,4.067773,0.078337,3.87048,3840
live,432,17761171602842,17761171756770,17761171858627,17761175914550,4.311708,0.101857,4.055923,3840
live,433,17761181602842,17761181736702,17761181805791,17761184779459,3.176617,0.069089,2.973668,3840
live,434,17761191602842,17761191728922,17761191801947,17761195680299,4.077457,0.073025,3.878352,3840
live,435,17761201602842,17761201736470,17761201814583,17761204820412,3.21757,0.078113,3.005829,3840
live,436,17761211602842,17761211711825,17761211759282,17761215246205,3.643363,0.047457,3.486923,3840
live,437,17761221602842,17761221755438,17761221848271,17761226120612,4.51777,0.092833,4.272341,3840
live,438,17761231602842,17761231761514,17761231824714,17761234790927,3.188085,0.0632,2.966213,3840
live,439,17761241602842,17761241724709,17761241804134,17761245970298,4.367456,0.079425,4.166164,3840
live,440,17761251602842,17761251768194,17761251854275,17761258018447,6.415605,0.086081,6.164172,3840
live,441,17761261602842,17761261752509,17761261840542,17761265987442,4.3846,0.088033,4.1469,3840
live,442,17761271602842,17761271741401,17761271813242,17761274823263,3.220421,0.071841,3.010021,3840
live,443,17761281602842,17761281717653,17761281785942,17761285649765,4.046923,0.068289,3.863823,3840
live,444,17761291602842,17761291767281,17761291866802,17761296200040,4.597198,0.099521,4.333238,3840
live,445,17761301602842,17761301759245,17761301856046,17761305995778,4.392936,0.096801,4.139732,3840
live,446,17761311602842,17761311757801,17761311854250,17761315847356,4.244514,0.096449,3.993106,3840
live,447,17761321602842,17761321735237,17761321801061,17761324751146,3.148304,0.065824,2.950085,3840
live,448,17761331602842,17761331719264,17761331787361,17761335614033,4.011191,0.068097,3.826672,3840
live,449,17761341602842,17761341720924,17761342012160,17761348131724,6.528882,0.291236,6.119564,3840
live,450,17761351602842,17761351748793,17761351829914,17761354952896,3.350054,0.081121,3.122982,3840
live,451,17761361602842,17761361767989,17761361853462,17761364966556,3.363714,0.085473,3.113094,3840
live,452,17761371602842,17761371727280,17761371796241,17761375811683,4.208841,0.068961,4.015442,3840
live,453,17761381602842,17761381731564,17761381796877,17761384776274,3.173432,0.065313,2.979397,3840
live,454,17761391602842,17761391722632,17761391804009,17761395928156,4.325314,0.081377,4.124147,3840
live,455,17761401602842,17761401746020,17761401818597,17761404790218,3.187376,0.072577,2.971621,3840
live,456,17761411602842,17761411738976,17761411793025,17761415099722,3.49688,0.054049,3.306697,3840
live,457,17761421602842,17761421770620,17761421861533,17761426160435,4.557593,0.090913,4.298902,3840
live,458,17761431602842,17761431744344,17761431809401,17761434819934,3.217092,0.065057,3.010533,3840
live,459,17761441602842,17761441730740,17761441862485,17761447249784,5.646942,0.131745,5.387299,3840
live,460,17761451602842,17761451765232,17761451865681,17761458162783,6.559941,0.100449,6.297102,3840
live,461,17761461602842,17761461750508,17761461815884,17761464830002,3.22716,0.065376,3.014118,3840
live,462,17761471602842,17761471722119,17761471794152,17761475679640,4.076798,0.072033,3.885488,3840
live,463,17761481602842,17761481747011,17761481833125,17761485763893,4.161051,0.086114,3.930768,3840
live,464,17761491602842,17761491736383,17761491805248,17761495822866,4.220024,0.068865,4.017618,3840
live,465,17761501602842,17761501715771,17761501781948,17761505690924,4.088082,0.066177,3.908976,3840
live,466,17761511602842,17761511757559,17761511854585,17761515881258,4.278416,0.097026,4.026673,3840
live,467,17761521602842,17761521736211,17761521801300,17761524790041,3.187199,0.065089,2.988741,3840
live,468,17761531602842,17761531716431,17761531784399,17761535572798,3.969956,0.067968,3.788399,3840
live,469,17761541602842,17761541737163,17761541802700,17761545510298,3.907456,0.065537,3.707598,3840
live,470,17761551602842,17761551708550,17761551760103,17761555228306,3.625464,0.051553,3.468203,3840
live,471,17761561602842,17761561718210,17761561786755,17761566124857,4.522015,0.068545,4.338102,3840
live,472,17761571602842,17761571739167,17761571808575,17761574838501,3.235659,0.069408,3.029926,3840
live,473,17761581602842,17761581736890,17761581806555,17761584642014,3.039172,0.069665,2.835459,3840
live,474,17761591602842,17761591723606,17761591798839,17761599060497,7.457655,0.075233,7.261658,3840
live,475,17761601602842,17761601769971,17761601843636,17761605007547,3.404705,0.073665,3.163911,3840
live,476,17761611602842,17761611760911,17761611832079,17761614767508,3.164666,0.071168,2.935429,3840
live,477,17761621602842,17761621744714,17761621834187,17761627304975,5.702133,0.089473,5.470788,3840
live,478,17761631602842,17761631762566,17761631855720,17761636259582,4.65674,0.093154,4.403862,3840
live,479,17761641602842,17761641759906,17761641849923,17761646475741,4.872899,0.090017,4.625818,3840
live,480,17761651602842,17761651754654,17761651820831,17761656439640,4.836798,0.066177,4.618809,3840
live,481,17761661602842,17761661728442,17761661806555,17761665722315,4.119473,0.078113,3.91576,3840
live,482,17761671602842,17761671745238,17761671844183,17761675863017,4.260175,0.098945,4.018834,3840
live,483,17761681602842,17761681740658,17761681812115,17761684818296,3.215454,0.071457,3.006181,3840
live,484,17761691602842,17761691725805,17761691805358,17761696846125,5.243283,0.079553,5.040767,3840
live,485,17761701602842,17761701789290,17761701890443,17761707767828,6.164986,0.101153,5.877385,3840
live,486,17761711602842,17761711753158,17761711825191,17761714840492,3.23765,0.072033,3.015301,3840
live,487,17761721602842,17761721715841,17761721780514,17761725675890,4.073048,0.064673,3.895376,3840
live,488,17761731602842,17761731762526,17761731856287,17761736032402,4.42956,0.093761,4.176115,3840
live,489,17761741602842,17761741736633,17761741805242,17761744787007,3.184165,0.068609,2.981765,3840
live,490,17761751602842,17761751747221,17761751836214,17761755997258,4.394416,0.088993,4.161044,3840
live,491,17761761602842,17761761760625,17761761838194,17761766062919,4.460077,0.077569,4.224725,3840
live,492,17761771602842,17761771737869,17761771809838,17761774774259,3.171417,0.071969,2.964421,3840
live,493,17761781602842,17761781726889,17761781798250,17761785861980,4.259138,0.071361,4.06373,3840
live,494,17761791602842,17761791764517,17761791848998,17761795997626,4.394784,0.084481,4.148628,3840
live,495,17761801602842,17761801763745,17761801828866,17761804962953,3.360111,0.065121,3.134087,3840
live,496,17761811602842,17761811725340,17761811801309,17761816675322,5.07248,0.075969,4.874013,3840
live,497,17761821602842,17761821760153,17761821855386,17761826178640,4.575798,0.095233,4.323254,3840
live,498,17761831602842,17761831747061,17761831815637,17761834926716,3.323874,0.068576,3.111079,3840
live,499,17761841602842,17761842000596,17761842095893,17761859735695,18.132853,0.095297,17.639802,3840
replay,499,17761841602842,17761842039348,17761842301111,17761858432607,16.829765,0.261763,16.131496,292352
live,500,17761851602842,17761852044464,17761859832977,17761865935292,14.33245,7.788513,6.102315,3840
live,501,17761861602842,17761861948715,17761866003421,17761869158116,7.555274,4.054706,3.154695,3840
live,502,17761871602842,17761871738404,17761871810181,17761875724854,4.122012,0.071777,3.914673,3840
live,503,17761881602842,17761881751904,17761881828833,17761884881319,3.278477,0.076929,3.052486,3840
live,504,17761891602842,17761891722012,17761891789885,17761895267944,3.665102,0.067873,3.478059,3840
live,505,17761901602842,17761901723576,17761901796953,17761906641045,5.038203,0.073377,4.844092,3840
live,506,17761911602842,17761911733588,17761911802613,17761915425409,3.822567,0.069025,3.622796,3840
live,507,17761921602842,17761921758128,17761921849809,17761925776834,4.173992,0.091681,3.927025,3840
live,508,17761931602842,17761931746028,17761931819181,17761935324120,3.721278,0.073153,3.504939,3840
live,509,17761941602842,17761941723751,17761941788904,17761945686424,4.083582,0.065153,3.89752,3840
live,510,17761951602842,17761951781188,17761952126952,17761956060377,4.457535,0.345764,3.933425,3840
live,511,17761961602842,17761961735999,17761961813216,17761965736273,4.133431,0.077217,3.923057,3840
live,512,17761971602842,17761971749371,17761971833052,17761975611659,4.008817,0.083681,3.778607,3840
live,513,17761981602842,17761981736983,17761982026203,17761985765609,4.162767,0.28922,3.739406,3840
live,514,17761991602842,17761991748339,17761991840564,17761995846374,4.243532,0.092225,4.00581,3840
live,515,17762001602842,17762001749807,17762001826704,17762004904150,3.301308,0.076897,3.077446,3840
live,516,17762011602842,17762011749611,17762012064463,17762016138498,4.535656,0.314852,4.074035,3840
live,517,17762021602842,17762021772295,17762021863496,17762025948411,4.345569,0.091201,4.084915,3840
live,518,17762031602842,17762031785155,17762032121288,17762035339887,3.737045,0.336133,3.218599,3840
live,519,17762041602842,17762041719486,17762041792607,17762045716976,4.114134,0.073121,3.924369,3840
live,520,17762051602842,17762051774619,17762051870876,17762058868051,7.265209,0.096257,6.997175,3840
live,521,17762061602842,17762061768375,17762061834456,17762064947614,3.344772,0.066081,3.113158,3840
live,522,17762071602842,17762071718930,17762071784211,17762075368095,3.765253,0.065281,3.583884,3840
live,523,17762081602842,17762081749039,17762081835696,17762085663455,4.060613,0.086657,3.827759,3840
live,524,17762091602842,17762091719850,17762091783435,17762095200949,3.598107,0.063585,3.417514,3840
live,525,17762101602842,17762101710406,17762101769703,17762105375667,3.772825,0.059297,3.605964,3840
live,526,17762111602842,17762111793059,17762112162407,17762116673887,5.071045,0.369348,4.51148,3840
live,527,17762121602842,17762121745854,17762121816063,17762124963686,3.360844,0.070209,3.147623,3840
live,528,17762131602842,17762131711578,17762131767354,17762134782304,3.179462,0.055776,3.01495,3840
live,529,17762141602842,17762141787223,17762142190812,17762146484081,4.881239,0.403589,4.293269,3840
live,530,17762151602842,17762151745042,17762151813747,17762154900985,3.298143,0.068705,3.087238,3840
live,531,17762161602842,17762161725294,17762161988881,17762165751711,4.148869,0.263587,3.76283,3840
live,532,17762171602842,17762171811563,17762171897452,17762176209857,4.607015,0.085889,4.312405,3840
live,533,17762181602842,17762181752678,17762181815527,17762184839244,3.236402,0.062849,3.023717,3840
live,534,17762191602842,17762191754754,17762192066886,17762196403867,4.801025,0.312132,4.336981,3840
live,535,17762201602842,17762201753950,17762201843327,17762205906737,4.303895,0.089377,4.06341,3840
live,536,17762211602842,17762211776346,17762212104126,17762215551337,3.948495,0.32778,3.447211,3840
live,537,17762221602842,17762221724437,17762221797430,17762225659654,4.056812,0.072993,3.862224,3840
live,538,17762231602842,17762231761777,17762231847667,17762235832196,4.229354,0.08589,3.984529,3840
live,539,17762241602842,17762241730349,17762241795534,17762244781619,3.178777,0.065185,2.986085,3840
live,540,17762251602842,17762251733449,17762252046925,17762257878133,6.275291,0.313476,5.831208,3840
live,541,17762261602842,17762261769381,17762261865767,17762266019354,4.416512,0.096386,4.153587,3840
live,542,17762271602842,17762271745697,17762271830914,17762275438639,3.835797,0.085217,3.607725,3840
live,543,17762281602842,17762281722493,17762281789917,17762285422026,3.819184,0.067424,3.632109,3840
live,544,17762291602842,17762291755481,17762291849050,17762295679210,4.076368,0.093569,3.83016,3840
live,545,17762301602842,17762301740725,17762301816790,17762305387554,3.784712,0.076065,3.570764,3840
live,546,17762311602842,17762311743953,17762311820402,17762315575904,3.973062,0.076449,3.755502,3840
live,547,17762321602842,17762321739756,17762321808077,17762324761426,3.158584,0.068321,2.953349,3840
live,548,17762331602842,17762331728904,17762331798217,17762335390614,3.787772,0.069313,3.592397,3840
live,549,17762341602842,17762341742596,17762341810661,17762344775050,3.172208,0.068065,2.964389,3840
live,550,17762351602842,17762351738176,17762351804705,17762354558499,2.955657,0.066529,2.753794,3840
live,551,17762361602842,17762361747836,17762361826813,17762365838895,4.236053,0.078977,4.012082,3840
live,552,17762371602842,17762371797401,17762371913210,17762376784503,5.181661,0.115809,4.871293,3840
live,553,17762381602842,17762381800149,17762381899798,17762388248837,6.645995,0.099649,6.349039,3840
live,554,17762391602842,17762391803281,17762391899570,17762398613061,7.010219,0.096289,6.713491,3840
live,555,17762401602842,17762401778348,17762401845421,17762404894323,3.291481,0.067073,3.048902,3840
live,556,17762411602842,17762411822505,17762411896842,17762416678853,5.076011,0.074337,4.782011,3840
live,557,17762421602842,17762421759908,17762421859717,17762427595020,5.992178,0.099809,5.735303,3840
live,558,17762431602842,17762431745888,17762431815265,17762434878630,3.275788,0.069377,3.063365,3840
live,559,17762441602842,17762441711835,17762441775196,17762445472970,3.870128,0.063361,3.697774,3840
live,560,17762451602842,17762451752184,17762451824696,17762457995461,6.392619,0.072512,6.170765,3840
live,561,17762461602842,17762461745011,17762461816340,17762467130550,5.527708,0.071329,5.31421,3840
live,562,17762471602842,17762471715823,17762471774928,17762475594079,3.991237,0.059105,3.819151,3840
live,563,17762481602842,17762481748587,17762481824492,17762487589940,5.987098,0.075905,5.765448,3840
live,564,17762491602842,17762491739207,17762491810728,17762496200062,4.59722,0.071521,4.389334,3840
live,565,17762501602842,17762501721859,17762501788292,17762505676404,4.073562,0.066433,3.888112,3840
live,566,17762511602842,17762511743359,17762511825888,17762517625160,6.022318,0.082529,5.799272,3840
live,567,17762521602842,17762521750235,17762521827420,17762525026564,3.423722,0.077185,3.199144,3840
live,568,17762531602842,17762531719703,17762531794263,17762537075737,5.472895,0.07456,5.281474,3840
live,569,17762541602842,17762541751603,17762541841524,17762546111241,4.508399,0.089921,4.269717,3840
live,570,17762551602842,17762551746479,17762551824432,17762556250567,4.647725,0.077953,4.426135,3840
live,571,17762561602842,17762561718026,17762561778699,17762565817885,4.215043,0.060673,4.039186,3840
live,572,17762571602842,17762571748903,17762571824360,17762575804537,4.201695,0.075457,3.980177,3840
live,573,17762581602842,17762581718178,17762581767107,17762585286382,3.68354,0.048929,3.519275,3840
live,574,17762591602842,17762591741534,17762591809503,17762595783536,4.180694,0.067969,3.974033,3840
live,575,17762601602842,17762601765595,17762601842843,17762604936930,3.334088,0.077248,3.094087,3840
live,576,17762611602842,17762611712086,17762611758838,17762614406615,2.803773,0.046752,2.647777,3840
live,577,17762621602842,17762621752050,17762621849075,17762629139118,7.536276,0.097025,7.290043,3840
live,578,17762631602842,17762631814671,17762631923440,17762638895911,7.293069,0.108769,6.972471,3840
live,579,17762641602842,17762641765642,17762641855339,17762645722395,4.119553,0.089697,3.867056,3840
live,580,17762651602842,17762651753286,17762651829671,17762658375320,6.772478,0.076385,6.545649,3840
live,581,17762661602842,17762661758850,17762661851459,17762666080440,4.477598,0.092609,4.228981,3840
live,582,17762671602842,17762671751710,17762671840895,17762675021478,3.418636,0.089185,3.180583,3840
live,583,17762681602842,17762681725785,17762681792090,17762685393383,3.790541,0.066305,3.601293,3840
live,584,17762691602842,17762691755702,17762691841399,17762695559461,3.956619,0.085697,3.718062,3840
live,585,17762701602842,17762701743985,17762701816338,17762705335134,3.732292,0.072353,3.518796,3840
live,586,17762711602842,17762711725325,17762711792462,17762715837376,4.234534,0.067137,4.044914,3840
live,587,17762721602842,17762721735081,17762721817738,17762725030226,3.427384,0.082657,3.212488,3840
live,588,17762731602842,17762731731557,17762731795174,17762735722935,4.120093,0.063617,3.927761,3840
live,589,17762741602842,17762741734049,17762741811106,17762744842120,3.239278,0.077057,3.031014,3840
live,590,17762751602842,17762751708285,17762751758237,17762755150343,3.547501,0.049952,3.392106,3840
live,591,17762761602842,17762761740729,17762761831738,17762766060334,4.457492,0.091009,4.228596,3840
live,592,17762771602842,17762771762261,17762771875383,17762777432987,5.830145,0.113122,5.557604,3840
live,593,17762781602842,17762781755409,17762781849906,17762787726683,6.123841,0.094497,5.876777,3840
live,594,17762791602842,17762791746189,17762791813838,17762795014229,3.411387,0.067649,3.200391,3840
live,595,17762801602842,17762801725064,17762801786441,17762806788295,5.185453,0.061377,5.001854,3840
live,596,17762811602842,17762811760197,17762811854470,17762816256220,4.653378,0.094273,4.40175,3840
live,597,17762821602842,17762821755329,17762821852482,17762828325586,6.722744,0.097153,6.473104,3840
live,598,17762831602842,17762831761853,17762831856286,17762836155987,4.553145,0.094433,4.299701,3840
live,599,17762841602842,17762842295871,17762842449441,17762851680627,10.077785,0.15357,9.231186,3840
replay,599,17762841602842,17762842369504,17762842706596,17762851932823,10.329981,0.337092,9.226227,292352
live,600,17762851602842,17762852099641,17762852199354,17762859205585,7.602743,0.099713,7.006231,3840
live,601,17762861602842,17762861771088,17762861867474,17762867984221,6.381379,0.096386,6.116747,3840
live,602,17762871602842,17762871970863,17762872071760,17762876016993,4.414151,0.100897,3.945233,3840
live,603,17762881602842,17762881757608,17762881836329,17762885325588,3.722746,0.078721,3.489259,3840
live,604,17762891602842,17762891739620,17762891808293,17762895253039,3.650197,0.068673,3.444746,3840
live,605,17762901602842,17762901734048,17762901806305,17762905349485,3.746643,0.072257,3.54318,3840
live,606,17762911602842,17762911729596,17762911799964,17762915208807,3.605965,0.070368,3.408843,3840
live,607,17762921602842,17762921716343,17762921770136,17762926270352,4.66751,0.053793,4.500216,3840
live,608,17762931602842,17762931740468,17762931816244,17762938198852,6.59601,0.075776,6.382608,3840
live,609,17762941602842,17762941798000,17762941865777,17762944900407,3.297565,0.067777,3.03463,3840
live,610,17762951602842,17762951744043,17762951813868,17762955731421,4.128579,0.069825,3.917553,3840
live,611,17762961602842,17762961752935,17762961853161,17762966057661,4.454819,0.100226,4.2045,3840
live,612,17762971602842,17762971759235,17762971858053,17762977893743,6.290901,0.098818,6.03569,3840
live,613,17762981602842,17762981767007,17762981825472,17762984928263,3.325421,0.058465,3.102791,3840
live,614,17762991602842,17762991734171,17762991809244,17762995708684,4.105842,0.075073,3.89944,3840
live,615,17763001602842,17763001743447,17763001813976,17763004862142,3.2593,0.070529,3.048166,3840
live,616,17763011602842,17763011741043,17763011809908,17763014571926,2.969084,0.068865,2.762018,3840
live,617,17763021602842,17763021722479,17763021803952,17763026765549,5.162707,0.081473,4.961597,3840
live,618,17763031602842,17763031781707,17763031874156,17763037386161,5.783319,0.092449,5.512005,3840
live,619,17763041602842,17763041752263,17763041816712,17763044784524,3.181682,0.064449,2.967812,3840
live,620,17763051602842,17763051726818,17763051812483,17763057719341,6.116499,0.085665,5.906858,3840
live,621,17763061602842,17763061776415,17763061872960,17763065698320,4.095478,0.096545,3.82536,3840
live,622,17763071602842,17763071728890,17763071799259,17763075210021,3.607179,0.070369,3.410762,3840
live,623,17763081602842,17763081740502,17763081813463,17763085512517,3.909675,0.072961,3.699054,3840
live,624,17763091602842,17763091750738,17763091817779,17763094806136,3.203294,0.067041,2.988357,3840
live,625,17763101602842,17763101737390,17763101817423,17763104665426,3.062584,0.080033,2.848003,3840
live,626,17763111602842,17763111729802,17763112030606,17763115778140,4.175298,0.300804,3.747534,3840
live,627,17763121602842,17763121757734,17763121845703,17763125932474,4.329632,0.087969,4.086771,3840
live,628,17763131602842,17763131764994,17763131837347,17763135058571,3.455729,0.072353,3.221224,3840
live,629,17763141602842,17763141738142,17763141835263,17763146817885,5.215043,0.097121,4.982622,3840
live,630,17763151602842,17763151762362,17763151861115,17763156162289,4.559447,0.098753,4.301174,3840
live,631,17763161602842,17763161746198,17763161825879,17763164869372,3.26653,0.079681,3.043493,3840
live,632,17763171602842,17763171727505,17763171805682,17763175695107,4.092265,0.078177,3.889425,3840
live,633,17763181602842,17763181758126,17763181833455,17763184970614,3.367772,0.075329,3.137159,3840
live,634,17763191602842,17763191733385,17763191811242,17763195630778,4.027936,0.077857,3.819536,3840
live,635,17763201602842,17763201765606,17763201851815,17763205982586,4.379744,0.086209,4.130771,3840
live,636,17763211602842,17763211753281,17763211828802,17763214802599,3.199757,0.075521,2.973797,3840
live,637,17763221602842,17763221723997,17763221794654,17763225630381,4.027539,0.070657,3.835727,3840
live,638,17763231602842,17763231785882,17763231881083,17763236901017,5.298175,0.095201,5.019934,3840
live,639,17763241602842,17763241763061,17763241854615,17763246234701,4.631859,0.091554,4.380086,3840
live,640,17763251602842,17763251736849,17763251797906,17763256485612,4.88277,0.061057,4.687706,3840
live,641,17763261602842,17763261725837,17763261802222,17763265675198,4.072356,0.076385,3.872976,3840
live,642,17763271602842,17763271756009,17763271840490,17763275672570,4.069728,0.084481,3.83208,3840
live,643,17763281602842,17763281737957,17763281806086,17763285632949,4.030107,0.068129,3.826863,3840
live,644,17763291602842,17763291761345,17763291852226,17763295922325,4.319483,0.090881,4.070099,3840
live,645,17763301602842,17763301741117,17763301810461,17763304784354,3.181512,0.069344,2.973893,3840
live,646,17763311602842,17763311726872,17763311802521,17763315639081,4.036239,0.075649,3.83656,3840
live,647,17763321602842,17763321763637,17763321850518,17763324847259,3.244417,0.086881,2.996741,3840
live,648,17763331602842,17763331966963,17763332050868,17763335852035,4.249193,0.083905,3.801167,3840
live,649,17763341602842,17763341799725,17763341902030,17763347894937,6.292095,0.102305,5.992907,3840
live,650,17763351602842,17763351801129,17763351908778,17763357566608,5.963766,0.107649,5.65783,3840
live,651,17763361602842,17763361797445,17763361891110,17763366664865,5.062023,0.093665,4.773755,3840
live,652,17763371602842,17763371795969,17763371906338,17763378272721,6.669879,0.110369,6.366383,3840
live,653,17763381602842,17763381888158,17763382036608,17763387196000,5.593158,0.14845,5.159392,3840
live,654,17763391602842,17763391729272,17763391796537,17763395676777,4.073935,0.067265,3.88024,3840
live,655,17763401602842,17763401769300,17763401861653,17763406200011,4.597169,0.092353,4.338358,3840
live,656,17763411602842,17763411752592,17763411836337,17763416368617,4.765775,0.083745,4.53228,3840
live,657,17763421602842,17763421721259,17763421781772,17763425683485,4.080643,0.060513,3.901713,3840
live,658,17763431602842,17763431718855,17763431784872,17763438015029,6.412187,0.066017,6.230157,3840
live,659,17763441602842,17763441749028,17763441822341,17763444904747,3.301905,0.073313,3.082406,3840
live,660,17763451602842,17763451722911,17763451798688,17763457387557,5.784715,0.075777,5.588869,3840
live,661,17763461602842,17763461749499,17763461836861,17763466427893,4.825051,0.087362,4.591032,3840
live,662,17763471602842,17763471723607,17763471785304,17763475450789,3.847947,0.061697,3.665485,3840
live,663,17763481602842,17763481711763,17763481771700,17763486658416,5.055574,0.059937,4.886716,3840
live,664,17763491602842,17763491757391,17763491853488,17763496069093,4.466251,0.096097,4.215605,3840
live,665,17763501602842,17763501753675,17763501838252,17763505547034,3.944192,0.084577,3.708782,3840
live,666,17763511602842,17763511723079,17763511790568,17763515453877,3.851035,0.067489,3.663309,3840
live,667,17763521602842,17763521736771,17763521812804,17763524899818,3.296976,0.076033,3.087014,3840
live,668,17763531602842,17763531717822,17763531792511,17763537363332,5.76049,0.074689,5.570821,3840
live,669,17763541602842,17763541760987,17763541856092,17763546806073,5.203231,0.095105,4.949981,3840
live,670,17763551602842,17763551743255,17763551818712,17763556147725,4.544883,0.075457,4.329013,3840
live,671,17763561602842,17763561724434,17763561793331,17763565508801,3.905959,0.068897,3.71547,3840
live,672,17763571602842,17763571756623,17763571852432,17763576776397,5.173555,0.095809,4.923965,3840
live,673,17763581602842,17763581745578,17763581825771,17763585287318,3.684476,0.080193,3.461547,3840
live,674,17763591602842,17763591752870,17763591828231,17763594868973,3.266131,0.075361,3.040742,3840
live,675,17763601602842,17763601724930,17763601795075,17763605735348,4.132506,0.070145,3.940273,3840
live,676,17763611602842,17763611755742,17763611853216,17763618225583,6.622741,0.097474,6.372367,3840
live,677,17763621602842,17763621749626,17763621839387,17763626013295,4.410453,0.089761,4.173908,3840
live,678,17763631602842,17763631734966,17763631802647,17763635601286,3.998444,0.067681,3.798639,3840
live,679,17763641602842,17763641748146,17763641845587,17763646354955,4.752113,0.097441,4.509368,3840
live,680,17763651602842,17763651742798,17763651818127,17763656426120,4.823278,0.075329,4.607993,3840
live,681,17763661602842,17763661719305,17763661786090,17763665480056,3.877214,0.066785,3.693966,3840
live,682,17763671602842,17763671756006,17763671853447,17763677193481,5.590639,0.097441,5.340034,3840
live,683,17763681602842,17763681727649,17763681798626,17763684899881,3.297039,0.070977,3.101255,3840
live,684,17763691602842,17763691722525,17763691800958,17763696516153,4.913311,0.078433,4.715195,3840
live,685,17763701602842,17763701799418,17763701877787,17763704965537,3.362695,0.078369,3.08775,3840
live,686,17763711602842,17763711726389,17763711780502,17763715024702,3.42186,0.054113,3.2442,3840
live,687,17763721602842,17763721725009,17763721798386,17763726142152,4.53931,0.073377,4.343766,3840
live,688,17763731602842,17763731740333,17763731817038,17763734825459,3.222617,0.076705,3.008421,3840
live,689,17763741602842,17763741719241,17763741795498,17763746283969,4.681127,0.076257,4.488471,3840
live,690,17763751602842,17763751749797,17763751839942,17763756179356,4.576514,0.090145,4.339414,3840
live,691,17763761602842,17763761759137,17763761845314,17763765987094,4.384252,0.086177,4.14178,3840
live,692,17763771602842,17763771763421,17763771844030,17763776259189,4.656347,0.080609,4.415159,3840
live,693,17763781602842,17763781746969,17763781831674,17763785986381,4.383539,0.084705,4.154707,3840
live,694,17763791602842,17763791746773,17763791820534,17763794976477,3.373635,0.073761,3.155943,3840
live,695,17763801602842,17763801719184,17763801779825,17763805597632,3.99479,0.060641,3.817807,3840
live,696,17763811602842,17763811756845,17763811846734,17763816052066,4.449224,0.089889,4.205332,3840
live,697,17763821602842,17763821731496,17763821801897,17763824821327,3.218485,0.070401,3.01943,3840
live,698,17763831602842,17763831723012,17763831795685,17763835673813,4.070971,0.072673,3.878128,3840
live,699,17763841602842,17763842014084,17763842131557,17763857743431,16.140589,0.117473,15.611874,3840
replay,699,17763841602842,17763842057348,17763842395656,17763857672518,16.069676,0.338308,15.276862,292352
live,700,17763851602842,17763852697576,17763857963817,17763865861515,14.258673,5.266241,7.897698,3840
live,701,17763861602842,17763862013564,17763865960332,17763869128340,7.525498,3.946768,3.168008,3840
live,702,17763871602842,17763871749268,17763871823669,17763875492195,3.889353,0.074401,3.668526,3840
live,703,17763881602842,17763881779760,17763882160981,17763885981253,4.378411,0.381221,3.820272,3840
live,704,17763891602842,17763891723116,17763892054672,17763895652252,4.04941,0.331556,3.59758,3840
live,705,17763901602842,17763901734312,17763902013131,17763905633528,4.030686,0.278819,3.620397,3840
live,706,17763911602842,17763911725700,17763912023847,17763915797398,4.194556,0.298147,3.773551,3840
live,707,17763921602842,17763921751744,17763922076676,17763925290124,3.687282,0.324932,3.213448,3840
live,708,17763931602842,17763931730811,17763932042687,17763935833646,4.230804,0.311876,3.790959,3840
live,709,17763941602842,17763941915034,17763942288286,17763945956332,4.35349,0.373252,3.668046,3840
live,710,17763951602842,17763951744499,17763951812756,17763954676216,3.073374,0.068257,2.86346,3840
live,711,17763961602842,17763961744111,17763962031859,17763965841858,4.239016,0.287748,3.809999,3840
live,712,17763971602842,17763971749931,17763971828748,17763975842590,4.239748,0.078817,4.013842,3840
live,713,17763981602842,17763981742695,17763981795688,17763984796013,3.193171,0.052993,3.000325,3840
live,714,17763991602842,17763991726435,17763991800388,17763996797730,5.194888,0.073953,4.997342,3840
live,715,17764001602842,17764001761311,17764001829088,17764004892806,3.289964,0.067777,3.063718,3840
live,716,17764011602842,17764011731355,17764011791228,17764014741856,3.139014,0.059873,2.950628,3840
live,717,17764021602842,17764021720183,17764021785047,17764025828586,4.225744,0.064864,4.043539,3840
live,718,17764031602842,17764031732083,17764031785843,17764034741976,3.139134,0.05376,2.956133,3840
live,719,17764041602842,17764041733391,17764041813488,17764047599927,5.997085,0.080097,5.786439,3840
live,720,17764051602842,17764051731083,17764051820524,17764058401629,6.798787,0.089441,6.581105,3840
live,721,17764061602842,17764061738311,17764061794279,17764064869741,3.266899,0.055968,3.075462,3840
live,722,17764071602842,17764071716770,17764071765379,17764074861833,3.258991,0.048609,3.096454,3840
live,723,17764081602842,17764081724734,17764081793759,17764085460941,3.858099,0.069025,3.667182,3840
live,724,17764091602842,17764091744666,17764091812283,17764095535209,3.932367,0.067617,3.722926,3840
live,725,17764101602842,17764101729238,17764102029402,17764105843369,4.240527,0.300164,3.813967,3840
live,726,17764111602842,17764111733202,17764111807571,17764115883078,4.280236,0.074369,4.075507,3840
live,727,17764121602842,17764121835311,17764122223188,17764126540074,4.937232,0.387877,4.316886,3840
live,728,17764131602842,17764131726122,17764131789835,17764135389815,3.786973,0.063713,3.59998,3840
live,729,17764141602842,17764141834471,17764142216652,17764146386016,4.783174,0.382181,4.169364,3840
live,730,17764151602842,17764151763810,17764151836355,17764155808052,4.20521,0.072545,3.971697,3840
live,731,17764161602842,17764161747870,17764161821087,17764165473676,3.870834,0.073217,3.652589,3840
live,732,17764171602842,17764171793050,17764172146143,17764175395527,3.792685,0.353093,3.249384,3840
live,733,17764181602842,17764181712213,17764181802198,17764185413539,3.810697,0.089985,3.611341,3840
live,734,17764191602842,17764191748082,17764191820435,17764195704547,4.101705,0.072353,3.884112,3840
live,735,17764201602842,17764201747982,17764201819534,17764205617182,4.01434,0.071552,3.797648,3840
live,736,17764211602842,17764211728041,17764211789898,17764215406935,3.804093,0.061857,3.617037,3840
live,737,17764221602842,17764221780518,17764222116874,17764225363538,3.760696,0.336356,3.246664,3840
live,738,17764231602842,17764231722657,17764231795106,17764235676498,4.073656,0.072449,3.881392,3840
live,739,17764241602842,17764241756221,17764241825406,17764245877552,4.27471,0.069185,4.052146,3840
live,740,17764251602842,17764251744921,17764252080541,17764257165244,5.562402,0.33562,5.084703,3840
live,741,17764261602842,17764261738197,17764261809430,17764265544836,3.941994,0.071233,3.735406,3840
live,742,17764271602842,17764271746225,17764271817298,17764277723771,6.120929,0.071073,5.906473,3840
live,743,17764281602842,17764281716781,17764281777901,17764285473595,3.870753,0.06112,3.695694,3840
live,744,17764291602842,17764291747849,17764291821194,17764295735162,4.13232,0.073345,3.913968,3840
live,745,17764301602842,17764301746629,17764301824166,17764305672405,4.069563,0.077537,3.848239,3840
live,746,17764311602842,17764311725696,17764311795457,17764315639249,4.036407,0.069761,3.843792,3840
live,747,17764321602842,17764321790525,17764322192834,17764326630137,5.027295,0.402309,4.437303,3840
live,748,17764331602842,17764331754873,17764331825594,17764335741642,4.1388,0.070721,3.916048,3840
live,749,17764341602842,17764341725716,17764341790773,17764345438882,3.83604,0.065057,3.648109,3840
live,750,17764351602842,17764351815281,17764351940723,17764359705203,8.102361,0.125442,7.76448,3840
live,751,17764361602842,17764361864366,17764361967279,17764366807595,5.204753,0.102913,4.840316,3840
live,752,17764371602842,17764371737544,17764371793737,17764375489815,3.886973,0.056193,3.696078,3840
live,753,17764381602842,17764381754052,17764381841093,17764386029241,4.426399,0.087041,4.188148,3840
live,754,17764391602842,17764391731360,17764391791169,17764394847335,3.244493,0.059809,3.056166,3840
live,755,17764401602842,17764401849981,17764401990047,17764406638361,5.035519,0.140066,4.648314,3840
live,756,17764411602842,17764411775992,17764411861593,17764415936876,4.334034,0.085601,4.075283,3840
live,757,17764421602842,17764421748468,17764421816309,17764424822874,3.220032,0.067841,3.006565,3840
live,758,17764431602842,17764431730608,17764431813777,17764435851459,4.248617,0.083169,4.037682,3840
live,759,17764441602842,17764441738764,17764441810700,17764444709168,3.106326,0.071936,2.898468,3840
live,760,17764451602842,17764451707559,17764451759592,17764457210251,5.607409,0.052033,5.450659,3840
live,761,17764461602842,17764461870245,17764462257322,17764466445438,4.842596,0.387077,4.188116,3840
live,762,17764471602842,17764471777888,17764471860129,17764475378828,3.775986,0.082241,3.518699,3840
live,763,17764481602842,17764481720987,17764481787516,17764485625803,4.022961,0.066529,3.838287,3840
live,764,17764491602842,17764491731735,17764491797432,17764494736028,3.133186,0.065697,2.938596,3840
live,765,17764501602842,17764501711955,17764501779860,17764506333548,4.730706,0.067905,4.553688,3840
live,766,17764511602842,17764511759855,17764511855345,17764515978084,4.375242,0.09549,4.122739,3840
live,767,17764521602842,17764521740171,17764521807116,17764524771633,3.168791,0.066945,2.964517,3840
live,768,17764531602842,17764531724519,17764531795592,17764535646583,4.043741,0.071073,3.850991,3840
live,769,17764541602842,17764541740803,17764541795364,17764544753192,3.15035,0.054561,2.957828,3840
live,770,17764551602842,17764551708478,17764551758207,17764555153897,3.551055,0.049729,3.39569,3840
live,771,17764561602842,17764561744027,17764561830108,17764566288883,4.686041,0.086081,4.458775,3840
live,772,17764571602842,17764571745879,17764571817496,17764574806557,3.203715,0.071617,2.989061,3840
live,773,17764581602842,17764581718610,17764581793555,17764585882662,4.27982,0.074945,4.089107,3840
live,774,17764591602842,17764591724974,17764591802511,17764597217618,5.614776,0.077537,5.415107,3840
live,775,17764601602842,17764601744778,17764601831084,17764605610074,4.007232,0.086306,3.77899,3840
live,776,17764611602842,17764611719750,17764611789287,17764615700663,4.097821,0.069537,3.911376,3840
live,777,17764621602842,17764621753922,17764621854692,17764629263391,7.660549,0.10077,7.408699,3840
live,778,17764631602842,17764631744350,17764631823871,17764634921158,3.318316,0.079521,3.097287,3840
live,779,17764641602842,17764641728154,17764641811323,17764646826489,5.223647,0.083169,5.015166,3840
live,780,17764651602842,17764651756918,17764651843543,17764659007632,7.40479,0.086625,7.164089,3840
live,781,17764661602842,17764661741554,17764661806739,17764664888281,3.285439,0.065185,3.081542,3840
live,782,17764671602842,17764671712685,17764671781006,17764675344282,3.74144,0.068321,3.563276,3840
live,783,17764681602842,17764681747466,17764681823275,17764684990738,3.387896,0.075809,3.167463,3840
live,784,17764691602842,17764691727302,17764691775366,17764694771627,3.168785,0.048064,2.996261,3840
live,785,17764701602842,17764701710305,17764701773026,17764705571921,3.969079,0.062721,3.798895,3840
live,786,17764711602842,17764711740062,17764711808318,17764714904901,3.302059,0.068256,3.096583,3840
live,787,17764721602842,17764721722105,17764721790778,17764725599881,3.997039,0.068673,3.809103,3840
live,788,17764731602842,17764731755286,17764731836087,17764737654175,6.051333,0.080801,5.818088,3840
live,789,17764741602842,17764741750321,17764741834674,17764746026982,4.42414,0.084353,4.192308,3840
live,790,17764751602842,17764751741645,17764751807662,17764754727282,3.12444,0.066017,2.91962,3840
live,791,17764761602842,17764761724105,17764761791818,17764766184576,4.581734,0.067713,4.392758,3840
live,792,17764771602842,17764771761157,17764771829990,17764774816619,3.213777,0.068833,2.986629,3840
live,793,17764781602842,17764781707553,17764781754689,17764785292205,3.689363,0.047136,3.537516,3840
live,794,17764791602842,17764791750813,17764791839358,17764796221908,4.619066,0.088545,4.38255,3840
live,795,17764801602842,17764801734073,17764801800250,17764804790527,3.187685,0.066177,2.990277,3840
live,796,17764811602842,17764811723765,17764811802998,17764816803891,5.201049,0.079233,5.000893,3840
live,797,17764821602842,17764821748273,17764821839858,17764826069958,4.467116,0.091585,4.2301,3840
live,798,17764831602842,17764831737485,17764831804077,17764834778738,3.175896,0.066592,2.974661,3840
live,799,17764841602842,17764842021580,17764842143021,17764858258293,16.655451,0.121441,16.115272,3840
replay,799,17764841602842,17764842067725,17764842403313,17764859270658,17.667816,0.335588,16.867345,292352
live,800,17764851602842,17764851876838,17764858524345,17764869414975,17.812133,6.647507,10.89063,3840
live,801,17764861602842,17764862245095,17764869528097,17764872932811,11.329969,7.283002,3.404714,3840
live,802,17764871602842,17764871949343,17764873000588,17764877609957,6.007115,1.051245,4.609369,3840
live,803,17764881602842,17764881748888,17764881816537,17764885012993,3.410151,0.067649,3.196456,3840
live,804,17764891602842,17764891725748,17764891797621,17764894910107,3.307265,0.071873,3.112486,3840
live,805,17764901602842,17764901724368,17764901783569,17764905738786,4.135944,0.059201,3.955217,3840
live,806,17764911602842,17764911713804,17764911780716,17764916039457,4.436615,0.066912,4.258741,3840
live,807,17764921602842,17764921717864,17764921781224,17764925243251,3.640409,0.06336,3.462027,3840
live,808,17764931602842,17764931716516,17764931780580,17764935376433,3.773591,0.064064,3.595853,3840
live,809,17764941602842,17764941713247,17764941772416,17764945362381,3.759539,0.059169,3.589965,3840
live,810,17764951602842,17764951725147,17764951789148,17764955239175,3.636333,0.064001,3.450027,3840
live,811,17764961602842,17764961718327,17764961784280,17764966514643,4.911801,0.065953,4.730363,3840
live,812,17764971602842,17764971758516,17764971850197,17764975067741,3.464899,0.091681,3.217544,3840
live,813,17764981602842,17764981716783,17764981763984,17764985352636,3.749794,0.047201,3.588652,3840
live,814,17764991602842,17764991752459,17764991842925,17764997460914,5.858072,0.090466,5.617989,3840
live,815,17765001602842,17765001742343,17765001812008,17765004863278,3.260436,0.069665,3.05127,3840
live,816,17765011602842,17765011725891,17765011801348,17765016483326,4.880484,0.075457,4.681978,3840
live,817,17765021602842,17765021770975,17765021862049,17765027596232,5.99339,0.091074,5.734183,3840
live,818,17765031602842,17765031744347,17765031820092,17765034906274,3.303432,0.075745,3.086182,3840
live,819,17765041602842,17765041720663,17765041795928,17765045698984,4.096142,0.075265,3.903056,3840
live,820,17765051602842,17765051754931,17765051847284,17765057831454,6.228612,0.092353,5.98417,3840
live,821,17765061602842,17765061745903,17765061821488,17765065834466,4.231624,0.075585,4.012978,3840
live,822,17765071602842,17765071723787,17765071791083,17765077402737,5.799895,0.067296,5.611654,3840
live,823,17765081602842,17765081751463,17765081832232,17765084933678,3.330836,0.080769,3.101446,3840
live,824,17765091602842,17765091724450,17765091801091,17765096434237,4.831395,0.076641,4.633146,3840
live,825,17765101602842,17765101756031,17765101842336,17765106871326,5.268484,0.086305,5.02899,3840
live,826,17765111602842,17765111751131,17765111828636,17765115552714,3.949872,0.077505,3.724078,3840
live,827,17765121602842,17765121739318,17765121813207,17765125803017,4.200175,0.073889,3.98981,3840
live,828,17765131602842,17765131720434,17765131796051,17765135805317,4.202475,0.075617,4.009266,3840
live,829,17765141602842,17765141740590,17765141814703,17765145515325,3.912483,0.074113,3.700622,3840
live,830,17765151602842,17765151718026,17765151786027,17765155867101,4.264259,0.068001,4.081074,3840
live,831,17765161602842,17765161744646,17765161833351,17765170216367,8.613525,0.088705,8.383016,3840
live,832,17765171602842,17765171757282,17765171851683,17765176072280,4.469438,0.094401,4.220597,3840
live,833,17765181602842,17765181740830,17765181813695,17765185554829,3.951987,0.072865,3.741134,3840
live,834,17765191602842,17765191764730,17765191847803,17765196072367,4.469525,0.083073,4.224564,3840
live,835,17765201602842,17765201741206,17765201815735,17765204811260,3.208418,0.074529,2.995525,3840
live,836,17765211602842,17765211723057,17765211803186,17765215898917,4.296075,0.080129,4.095731,3840
live,837,17765221602842,17765221833647,17765221946480,17765227914234,6.311392,0.112833,5.967754,3840
live,838,17765231602842,17765231791338,17765231871563,17765235637146,4.034304,0.080225,3.765583,3840
live,839,17765241602842,17765241727845,17765241790502,17765245375378,3.772536,0.062657,3.584876,3840
live,840,17765251602842,17765251749409,17765251836291,17765257472936,5.870094,0.086882,5.636645,3840
live,841,17765261602842,17765261736285,17765261812798,17765265390795,3.787953,0.076513,3.577997,3840
live,842,17765271602842,17765271718969,17765271786202,17765275793259,4.190417,0.067233,4.007057,3840
live,843,17765281602842,17765281744053,17765281819254,17765284858620,3.255778,0.075201,3.039366,3840
live,844,17765291602842,17765291719441,17765291783282,17765295390270,3.787428,0.063841,3.606988,3840
live,845,17765301602842,17765301736237,17765301803662,17765304756178,3.153336,0.067425,2.952516,3840
live,846,17765311602842,17765311705832,17765311752361,17765314936176,3.333334,0.046529,3.183815,3840
live,847,17765321602842,17765321754021,17765321859110,17765326307133,4.704291,0.105089,4.448023,3840
live,848,17765331602842,17765331749953,17765331824034,17765334785030,3.182188,0.074081,2.960996,3840
live,849,17765341602842,17765341709916,17765341772157,17765345609901,4.007059,0.062241,3.837744,3840
live,850,17765351602842,17765351756825,17765351849210,17765355979693,4.376851,0.092385,4.130483,3840
live,851,17765361602842,17765361739956,17765361802453,17765365036221,3.433379,0.062497,3.233768,3840
live,852,17765371602842,17765371722608,17765371794993,17765376750511,5.147669,0.072385,4.955518,3840
live,853,17765381602842,17765381753517,17765381866094,17765386161795,4.558953,0.112577,4.295701,3840
live,854,17765391602842,17765391753832,17765391824777,17765394907952,3.30511,0.070945,3.083175,3840
live,855,17765401602842,17765401731172,17765401799749,17765404559431,2.956589,0.068577,2.759682,3840
live,856,17765411602842,17765411721408,17765411783937,17765415915700,4.312858,0.062529,4.131763,3840
live,857,17765421602842,17765421909790,17765422092736,17765428692210,7.089368,0.182946,6.599474,3840
live,858,17765431602842,17765431766904,17765431848505,17765435256676,3.653834,0.081601,3.408171,3840
live,859,17765441602842,17765441738356,17765441806005,17765445931112,4.32827,0.067649,4.125107,3840
live,860,17765451602842,17765451755920,17765451851889,17765458114367,6.511525,0.095969,6.262478,3840
live,861,17765461602842,17765461733548,17765461809933,17765464823186,3.220344,0.076385,3.013253,3840
live,862,17765471602842,17765471721767,17765471793576,17765476538851,4.936009,0.071809,4.745275,3840
live,863,17765481602842,17765481753028,17765481842053,17765486120346,4.517504,0.089025,4.278293,3840
live,864,17765491602842,17765491740319,17765491803392,17765494745829,3.142987,0.063073,2.942437,3840
live,865,17765501602842,17765501718203,17765501784380,17765505667980,4.065138,0.066177,3.8836,3840
live,866,17765511602842,17765511748983,17765511822104,17765515812810,4.209968,0.073121,3.990706,3840
live,867,17765521602842,17765521735347,17765521797556,17765524867130,3.264288,0.062209,3.069574,3840
live,868,17765531602842,17765531723887,17765531799568,17765536990288,5.387446,0.075681,5.19072,3840
live,869,17765541602842,17765541732011,17765541789100,17765544842642,3.2398,0.057089,3.053542,3840
live,870,17765551602842,17765551700551,17765551746247,17765555536342,3.9335,0.045696,3.790095,3840
live,871,17765561602842,17765561735555,17765561819588,17765565958327,4.355485,0.084033,4.138739,3840
live,872,17765571602842,17765571739167,17765571792512,17765574742116,3.139274,0.053345,2.949604,3840
live,873,17765581602842,17765581714714,17765581782011,17765585750573,4.147731,0.067297,3.968562,3840
live,874,17765591602842,17765591761271,17765591842104,17765596019788,4.416946,0.080833,4.177684,3840
live,875,17765601602842,17765601728435,17765601789459,17765604755288,3.152446,0.061024,2.965829,3840
live,876,17765611602842,17765611716750,17765611794159,17765615829185,4.226343,0.077409,4.035026,3840
live,877,17765621602842,17765621783179,17765622162928,17765625369111,3.766269,0.379749,3.206183,3840
live,878,17765631602842,17765631707590,17765631761959,17765634933550,3.330708,0.054369,3.171591,3840
live,879,17765641602842,17765641718146,17765641797699,17765645536369,3.933527,0.079553,3.73867,3840
live,880,17765651602842,17765651748478,17765651846368,17765658278735,6.675893,0.09789,6.432367,3840
live,881,17765661602842,17765661752506,17765662080894,17765666018831,4.415989,0.328388,3.937937,3840
live,882,17765671602842,17765671715030,17765671766198,17765675332067,3.729225,0.051168,3.565869,3840
live,883,17765681602842,17765681750578,17765681849299,17765686092808,4.489966,0.098721,4.243509,3840
live,884,17765691602842,17765691751278,17765691830351,17765695385883,3.783041,0.079073,3.555532,3840
live,885,17765701602842,17765701712842,17765701775818,17765705392055,3.789213,0.062976,3.616237,3840
live,886,17765711602842,17765711748742,17765711823047,17765715581749,3.978907,0.074305,3.758702,3840
live,887,17765721602842,17765721722114,17765722019173,17765725725267,4.122425,0.297059,3.706094,3840
live,888,17765731602842,17765731743678,17765731828671,17765736386167,4.783325,0.084993,4.557496,3840
live,889,17765741602842,17765741795066,17765742196575,17765747833573,6.230731,0.401509,5.636998,3840
live,890,17765751602842,17765751733461,17765751793302,17765754843164,3.240322,0.059841,3.049862,3840
live,891,17765761602842,17765761704625,17765761748690,17765765437183,3.834341,0.044065,3.688493,3840
live,892,17765771602842,17765771748109,17765771827310,17765776047043,4.444201,0.079201,4.219733,3840
live,893,17765781602842,17765781731401,17765781807818,17765785007602,3.40476,0.076417,3.199784,3840
live,894,17765791602842,17765791725765,17765791797446,17765796801732,5.19889,0.071681,5.004286,3840
live,895,17765801602842,17765801735105,17765801807490,17765805947893,4.345051,0.072385,4.140403,3840
live,896,17765811602842,17765811731165,17765811787486,17765814736770,3.133928,0.056321,2.949284,3840
live,897,17765821602842,17765821721497,17765821796442,17765827055579,5.452737,0.074945,5.259137,3840
live,898,17765831602842,17765831751445,17765831837750,17765835995946,4.393104,0.086305,4.158196,3840
live,899,17765841602842,17765842342520,17765842501050,17765853039805,11.436963,0.15853,10.538755,3840
replay,899,17765841602842,17765842412921,17765842774078,17765853454306,11.851464,0.361157,10.680228,292352
live,900,17765851602842,17765851769965,17765853254848,17765861398340,9.795498,1.484883,8.143492,3840
live,901,17765861602842,17765861802889,17765861904075,17765865558936,3.956094,0.101186,3.654861,3840
live,902,17765871602842,17765871762917,17765871831846,17765875065102,3.46226,0.068929,3.233256,3840
live,903,17765881602842,17765881715360,17765881782305,17765885269548,3.666706,0.066945,3.487243,3840
live,904,17765891602842,17765891718140,17765891780541,17765895210503,3.607661,0.062401,3.429962,3840
live,905,17765901602842,17765901734328,17765901813081,17765905328581,3.725739,0.078753,3.5155,3840
live,906,17765911602842,17765911723860,17765911789013,17765915379425,3.776583,0.065153,3.590412,3840
live,907,17765921602842,17765921726352,17765921781105,17765924768822,3.16598,0.054753,2.987717,3840
live,908,17765931602842,17765931719116,17765932041040,17765936457543,4.854701,0.321924,4.416503,3840
live,909,17765941602842,17765941788297,17765941910762,17765947320013,5.717171,0.122465,5.409251,3840
live,910,17765951602842,17765951788965,17765952133225,17765957145511,5.542669,0.34426,5.012286,3840
live,911,17765961602842,17765961727296,17765961799041,17765966176279,4.573437,0.071745,4.377238,3840
live,912,17765971602842,17765971750460,17765971842941,17765975741261,4.138419,0.092481,3.89832,3840
live,913,17765981602842,17765981828377,17765982035355,17765986329649,4.726807,0.206978,4.294294,3840
live,914,17765991602842,17765991744468,17765992043863,17765998911661,7.308819,0.299395,6.867798,3840
live,915,17766001602842,17766001752176,17766001837137,17766005816546,4.213704,0.084961,3.979409,3840
live,916,17766011602842,17766011723115,17766011788332,17766015475610,3.872768,0.065217,3.687278,3840
live,917,17766021602842,17766021747624,17766021840489,17766025089009,3.486167,0.092865,3.24852,3840
live,918,17766031602842,17766031741283,17766031810980,17766035968088,4.365246,0.069697,4.157108,3840
live,919,17766041602842,17766041746975,17766041847265,17766047048001,5.445159,0.10029,5.200736,3840
live,920,17766051602842,17766051746715,17766051822364,17766056594007,4.991165,0.075649,4.771643,3840
live,921,17766061602842,17766061717271,17766061779896,17766065829386,4.226544,0.062625,4.04949,3840
live,922,17766071602842,17766071752787,17766071858261,17766075966279,4.363437,0.105474,4.108018,3840
live,923,17766081602842,17766081740815,17766081818224,17766086513034,4.910192,0.077409,4.69481,3840
live,924,17766091602842,17766091741163,17766091828300,17766097042925,5.440083,0.087137,5.214625,3840
live,925,17766101602842,17766101748167,17766101831976,17766106863718,5.260876,0.083809,5.031742,3840
live,926,17766111602842,17766111710626,17766111760995,17766115854678,4.251836,0.050369,4.093683,3840
live,927,17766121602842,17766121724638,17766121796063,17766125626767,4.023925,0.071425,3.830704,3840
live,928,17766131602842,17766131751835,17766131858332,17766136806777,5.203935,0.106497,4.948445,3840
live,929,17766141602842,17766141760631,17766141854168,17766146099469,4.496627,0.093537,4.245301,3840
live,930,17766151602842,17766151734450,17766151802195,17766156532910,4.930068,0.067745,4.730715,3840
live,931,17766161602842,17766161753807,17766161838000,17766167664856,6.062014,0.084193,5.826856,3840
live,932,17766171602842,17766171739466,17766171800267,17766174834385,3.231543,0.060801,3.034118,3840
live,933,17766181602842,17766181717926,17766181786503,17766185631446,4.028604,0.068577,3.844943,3840
live,934,17766191602842,17766191757666,17766191851076,17766197834510,6.231668,0.09341,5.983434,3840
live,935,17766201602842,17766201753310,17766201836767,17766205629070,4.026228,0.083457,3.792303,3840
live,936,17766211602842,17766211722778,17766211789371,17766215359975,3.757133,0.066593,3.570604,3840
live,937,17766221602842,17766221733046,17766221815799,17766225878633,4.275791,0.082753,4.062834,3840
live,938,17766231602842,17766231757746,17766231851731,17766236144360,4.541518,0.093985,4.292629,3840
live,939,17766241602842,17766241738158,17766241818255,17766244983062,3.38022,0.080097,3.164807,3840
live,940,17766251602842,17766251725930,17766251793098,17766257360079,5.757237,0.067168,5.566981,3840
live,941,17766261602842,17766261759142,17766261853159,17766265660086,4.057244,0.094017,3.806927,3840
live,942,17766271602842,17766271717857,17766271783554,17766275350446,3.747604,0.065697,3.566892,3840
live,943,17766281602842,17766281756030,17766281834847,17766286309206,4.706364,0.078817,4.474359,3840
live,944,17766291602842,17766291753914,17766291834267,17766295082659,3.479817,0.080353,3.248392,3840
live,945,17766301602842,17766301723765,17766301794134,17766305653062,4.05022,0.070369,3.858928,3840
live,946,17766311602842,17766311753073,17766311848467,17766315911333,4.308491,0.095394,4.062866,3840
live,947,17766321602842,17766321732493,17766321796910,17766324759379,3.156537,0.064417,2.962469,3840
live,948,17766331602842,17766331715753,17766331774250,17766335591193,3.988351,0.058497,3.816943,3840
live,949,17766341602842,17766341739621,17766341822598,17766345026254,3.423412,0.082977,3.203656,3840
live,950,17766351602842,17766351751265,17766351832386,17766354605956,3.003114,0.081121,2.77357,3840
live,951,17766361602842,17766361725085,17766361802846,17766365806671,4.203829,0.077761,4.003825,3840
live,952,17766371602842,17766371759865,17766371851930,17766375991597,4.388755,0.092065,4.139667,3840
live,953,17766381602842,17766381746133,17766381813142,17766384922108,3.319266,0.067009,3.108966,3840
live,954,17766391602842,17766391740593,17766391813170,17766395812835,4.209993,0.072577,3.999665,3840
live,955,17766401602842,17766401749773,17766401844814,17766406133091,4.530249,0.095041,4.288277,3840
live,956,17766411602842,17766411745865,17766411811625,17766414868015,3.265173,0.06576,3.05639,3840
live,957,17766421602842,17766421721412,17766421782885,17766425754742,4.1519,0.061473,3.971857,3840
live,958,17766431602842,17766431749760,17766431836258,17766436030166,4.427324,0.086498,4.193908,3840
live,959,17766441602842,17766441748764,17766441819133,17766445073862,3.47102,0.070369,3.254729,3840
live,960,17766451602842,17766451723128,17766451798073,17766457687426,6.084584,0.074945,5.889353,3840
live,961,17766461602842,17766461767860,17766461856790,17766465769926,4.167084,0.08893,3.913136,3840
live,962,17766471602842,17766471720720,17766471785745,17766475403709,3.800867,0.065025,3.617964,3840
live,963,17766481602842,17766481753164,17766481844877,17766485848479,4.245637,0.091713,4.003602,3840
live,964,17766491602842,17766491753832,17766491838761,17766496510115,4.907273,0.084929,4.671354,3840
live,965,17766501602842,17766501723748,17766501792292,17766506136506,4.533664,0.068544,4.344214,3840
live,966,17766511602842,17766511742688,17766511809889,17766514893543,3.290701,0.067201,3.083654,3840
live,967,17766521602842,17766521718587,17766521788348,17766525737517,4.134675,0.069761,3.949169,3840
live,968,17766531602842,17766531741848,17766531812504,17766534788765,3.185923,0.070656,2.976261,3840
live,969,17766541602842,17766541787188,17766542072440,17766547017589,5.414747,0.285252,4.945149,3840
live,970,17766551602842,17766551722127,17766551796592,17766556182599,4.579757,0.074465,4.386007,3840
live,971,17766561602842,17766561749547,17766561831949,17766565987776,4.384934,0.082402,4.155827,3840
live,972,17766571602842,17766571748519,17766571828104,17766575876955,4.274113,0.079585,4.048851,3840
live,973,17766581602842,17766581728355,17766581779620,17766584717608,3.114766,0.051265,2.937988,3840
live,974,17766591602842,17766591722079,17766591823456,17766597945292,6.34245,0.101377,6.121836,3840
live,975,17766601602842,17766601767131,17766601858557,17766607813286,6.210444,0.091426,5.954729,3840
live,976,17766611602842,17766611766679,17766611827736,17766615055072,3.45223,0.061057,3.227336,3840
live,977,17766621602842,17766621724467,17766621792852,17766625458881,3.856039,0.068385,3.666029,3840
live,978,17766631602842,17766631781455,17766631874321,17766636034020,4.431178,0.092866,4.159699,3840
live,979,17766641602842,17766641767307,17766641851116,17766646555590,4.952748,0.083809,4.704474,3840
live,980,17766651602842,17766651747495,17766651818440,17766657191594,5.588752,0.070945,5.373154,3840
live,981,17766661602842,17766661764035,17766661846884,17766666217850,4.615008,0.082849,4.370966,3840
live,982,17766671602842,17766671753695,17766671839136,17766675636815,4.033973,0.085441,3.797679,3840
live,983,17766681602842,17766681714522,17766681775771,17766685897230,4.294388,0.061249,4.121459,3840
live,984,17766691602842,17766691719286,17766691788887,17766697238779,5.635937,0.069601,5.449892,3840
live,985,17766701602842,17766701742546,17766701820051,17766705645475,4.042633,0.077505,3.825424,3840
live,986,17766711602842,17766711734766,17766711808015,17766715907426,4.304584,0.073249,4.099411,3840
live,987,17766721602842,17766721756938,17766721855212,17766726212770,4.609928,0.098274,4.357558,3840
live,988,17766731602842,17766731751302,17766731829895,17766734909837,3.306995,0.078593,3.079942,3840
live,989,17766741602842,17766741749506,17766741815139,17766745915094,4.312252,0.065633,4.099955,3840
live,990,17766751602842,17766751778974,17766751872768,17766760152390,8.549548,0.093794,8.279622,3840
live,991,17766761602842,17766761754234,17766761832955,17766765860525,4.257683,0.078721,4.02757,3840
live,992,17766771602842,17766771716693,17766771788534,17766775392899,3.790057,0.071841,3.604365,3840
live,993,17766781602842,17766781735666,17766781824915,17766785707651,4.104809,0.089249,3.882736,3840
live,994,17766791602842,17766791738894,17766791806382,17766795402971,3.800129,0.067488,3.596589,3840
live,995,17766801602842,17766801715977,17766801781290,17766805717211,4.114369,0.065313,3.935921,3840
live,996,17766811602842,17766811746470,17766811832711,17766815847352,4.24451,0.086241,4.014641,3840
live,997,17766821602842,17766821724641,17766821783650,17766824681894,3.079052,0.059009,2.898244,3840
live,998,17766831602842,17766831715997,17766831784414,17766835792944,4.190102,0.068417,4.00853,3840
live,999,17766841602842,17766842265760,17766842404417,17766857429660,15.826818,0.138657,15.025243,3840
replay,999,17766841602842,17766842322208,17766842680293,17766856160556,14.557714,0.358085,13.480263,292352
live,1000,17766851602842,17766851849527,17766857517373,17766863973005,12.370163,5.667846,6.455632,3840
live,1001,17766861602842,17766861942132,17766864106126,17766868233570,6.630728,2.163994,4.127444,3840
live,1002,17766871602842,17766871781550,17766871886063,17766877855257,6.252415,0.104513,5.969194,3840
live,1003,17766881602842,17766881742857,17766881819786,17766885253396,3.650554,0.076929,3.43361,3840
live,1004,17766891602842,17766891727045,17766891801350,17766895271313,3.668471,0.074305,3.469963,3840
live,1005,17766901602842,17766901743873,17766901814626,17766905551600,3.948758,0.070753,3.736974,3840
live,1006,17766911602842,17766911760893,17766911855518,17766915801039,4.198197,0.094625,3.945521,3840
live,1007,17766921602842,17766921751289,17766921831610,17766925378470,3.775628,0.080321,3.54686,3840
live,1008,17766931602842,17766931721364,17766931779637,17766935673957,4.071115,0.058273,3.89432,3840
live,1009,17766941602842,17766941736688,17766941800305,17766944747222,3.14438,0.063617,2.946917,3840
live,1010,17766951602842,17766951848718,17766951923599,17766958299454,6.696612,0.074881,6.375855,3840
live,1011,17766961602842,17766961759017,17766961839114,17766965014161,3.411319,0.080097,3.175047,3840
live,1012,17766971602842,17766971713764,17766971762565,17766976725314,5.122472,0.048801,4.962749,3840
live,1013,17766981602842,17766981748192,17766981868866,17766987364294,5.761452,0.120674,5.495428,3840
live,1014,17766991602842,17766991746716,17766991806973,17766994864067,3.261225,0.060257,3.057094,3840
live,1015,17767001602842,17767001708856,17767001766296,17767006300817,4.697975,0.05744,4.534521,3840
live,1016,17767011602842,17767011758452,17767011844757,17767017291033,5.688191,0.086305,5.446276,3840
live,1017,17767021602842,17767021740208,17767021802769,17767024852150,3.249308,0.062561,3.049381,3840
live,1018,17767031602842,17767031712875,17767031776428,17767035425466,3.822624,0.063553,3.649038,3840
live,1019,17767041602842,17767041734984,17767041790984,17767044808462,3.20562,0.056,3.017478,3840
live,1020,17767051602842,17767051705667,17767051995495,17767058848124,7.245282,0.289828,6.852629,3840
live,1021,17767061602842,17767061739424,17767061825057,17767065672112,4.06927,0.085633,3.847055,3840
live,1022,17767071602842,17767071744028,17767071817373,17767074980772,3.37793,0.073345,3.163399,3840
live,1023,17767081602842,17767081713143,17767081762072,17767085020928,3.418086,0.048929,3.258856,3840
live,1024,17767091602842,17767091709011,17767091759444,17767095004988,3.402146,0.050433,3.245544,3840
live,1025,17767101602842,17767101709295,17767101763344,17767105302939,3.700097,0.054049,3.539595,3840
live,1026,17767111602842,17767111718699,17767111797708,17767115553531,3.950689,0.079009,3.755823,3840
live,1027,17767121602842,17767121765351,17767121860745,17767126162302,4.55946,0.095394,4.301557,3840
live,1028,17767131602842,17767131758371,17767131833796,17767136873987,5.271145,0.075425,5.040191,3840
live,1029,17767141602842,17767141740671,17767141808992,17767145396236,3.793394,0.068321,3.587244,3840
live,1030,17767151602842,17767151768027,17767151864476,17767155921807,4.318965,0.096449,4.057331,3840
live,1031,17767161602842,17767161744567,17767161816376,17767165013631,3.410789,0.071809,3.197255,3840
live,1032,17767171602842,17767171730035,17767171798964,17767175698180,4.095338,0.068929,3.899216,3840
live,1033,17767181602842,17767181749711,17767181816592,17767184777396,3.174554,0.066881,2.960804,3840
live,1034,17767191602842,17767191722346,17767191796491,17767195807325,4.204483,0.074145,4.010834,3840
live,1035,17767201602842,17767201758695,17767201844040,17767205807993,4.205151,0.085345,3.963953,3840
live,1036,17767211602842,17767211739683,17767211810563,17767214944746,3.341904,0.07088,3.134183,3840
live,1037,17767221602842,17767221724798,17767221783455,17767225688431,4.085589,0.058657,3.904976,3840
live,1038,17767231602842,17767231754043,17767231839964,17767235961263,4.358421,0.085921,4.121299,3840
live,1039,17767241602842,17767241737430,17767241804279,17767244755548,3.152706,0.066849,2.951269,3840
live,1040,17767251602842,17767251715442,17767251785651,17767257247830,5.644988,0.070209,5.462179,3840
live,1041,17767261602842,17767261762926,17767261851504,17767265803488,4.200646,0.088578,3.951984,3840
live,1042,17767271602842,17767271720874,17767271777355,17767275187829,3.584987,0.056481,3.410474,3840
live,1043,17767281602842,17767281713350,17767281764582,17767285289234,3.686392,0.051232,3.524652,3840
live,1044,17767291602842,17767291757890,17767291834595,17767295673715,4.070873,0.076705,3.83912,3840
live,1045,17767301602842,17767301746622,17767301824319,17767305412299,3.809457,0.077697,3.58798,3840
live,1046,17767311602842,17767311721082,17767311787386,17767315434216,3.831374,0.066304,3.64683,3840
live,1047,17767321602842,17767321734326,17767321802198,17767324810940,3.208098,0.067872,3.008742,3840
live,1048,17767331602842,17767331706353,17767331766770,17767335592801,3.989959,0.060417,3.826031,3840
live,1049,17767341602842,17767341743918,17767341834735,17767346012834,4.409992,0.090817,4.178099,3840
live,1050,17767351602842,17767351750922,17767351821674,17767354916113,3.313271,0.070752,3.094439,3840
live,1051,17767361602842,17767361735461,17767361807654,17767365164720,3.561878,0.072193,3.357066,3840
live,1052,17767371602842,17767371730817,17767371806914,17767375960694,4.357852,0.076097,4.15378,3840
live,1053,17767381602842,17767381745597,17767381811326,17767384818787,3.215945,0.065729,3.007461,3840
live,1054,17767391602842,17767391719001,17767391779514,17767395564905,3.962063,0.060513,3.785391,3840
live,1055,17767401602842,17767401742613,17767401843318,17767406165036,4.562194,0.100705,4.321718,3840
live,1056,17767411602842,17767411904627,17767412028725,17767415303165,3.700323,0.124098,3.27444,3840
live,1057,17767421602842,17767421763213,17767421858830,17767425991074,4.388232,0.095617,4.132244,3840
live,1058,17767431602842,17767431785769,17767431870666,17767435972509,4.369667,0.084897,4.101843,3840
live,1059,17767441602842,17767441745829,17767441802662,17767444772938,3.170096,0.056833,2.970276,3840
live,1060,17767451602842,17767451730369,17767451808066,17767457244517,5.641675,0.077697,5.436451,3840
live,1061,17767461602842,17767461764029,17767461888767,17767466465879,4.863037,0.124738,4.577112,3840
live,1062,17767471602842,17767471767609,17767471854778,17767475361349,3.758507,0.087169,3.506571,3840
live,1063,17767481602842,17767481728916,17767481808213,17767485773895,4.171053,0.079297,3.965682,3840
live,1064,17767491602842,17767491738064,17767491807633,17767494771670,3.168828,0.069569,2.964037,3840
live,1065,17767501602842,17767501768877,17767501849710,17767505702973,4.100131,0.080833,3.853263,3840
live,1066,17767511602842,17767511788457,17767511869034,17767518106391,6.503549,0.080577,6.237357,3840
live,1067,17767521602842,17767521751620,17767521812741,17767524882923,3.280081,0.061121,3.070182,3840
live,1068,17767531602842,17767531731232,17767531811969,17767535864979,4.262137,0.080737,4.05301,3840
live,1069,17767541602842,17767541753276,17767541816157,17767544790466,3.187624,0.062881,2.974309,3840
live,1070,17767551602842,17767551713432,17767551770520,17767554748797,3.145955,0.057088,2.978277,3840
live,1071,17767561602842,17767561724884,17767561787925,17767565940808,4.337966,0.063041,4.152883,3840
live,1072,17767571602842,17767571736272,17767571790608,17767574917751,3.314909,0.054336,3.127143,3840
live,1073,17767581602842,17767581740076,17767581821581,17767586748810,5.145968,0.081505,4.927229,3840
live,1074,17767591602842,17767591762184,17767591850601,17767597215244,5.612402,0.088417,5.364643,3840
live,1075,17767601602842,17767601746628,17767601808548,17767604800746,3.197904,0.06192,2.992198,3840
live,1076,17767611602842,17767611731295,17767611816513,17767615778354,4.175512,0.085218,3.961841,3840
live,1077,17767621602842,17767621758620,17767621843677,17767626326356,4.723514,0.085057,4.482679,3840
live,1078,17767631602842,17767631751800,17767631812152,17767634899839,3.296997,0.060352,3.087687,3840
live,1079,17767641602842,17767641742099,17767641805524,17767645772325,4.169483,0.063425,3.966801,3840
live,1080,17767651602842,17767651730287,17767651805776,17767658231456,6.628614,0.075489,6.42568,3840
live,1081,17767661602842,17767661778092,17767661872909,17767666164418,4.561576,0.094817,4.291509,3840
live,1082,17767671602842,17767671763463,17767671832648,17767675109713,3.506871,0.069185,3.277065,3840
live,1083,17767681602842,17767681736547,17767681807332,17767685716884,4.114042,0.070785,3.909552,3840
live,1084,17767691602842,17767691769951,17767691884161,17767695946899,4.344057,0.11421,4.062738,3840
live,1085,17767701602842,17767701741627,17767701805628,17767704780513,3.177671,0.064001,2.974885,3840
live,1086,17767711602842,17767711733399,17767711818616,17767715847594,4.244752,0.085217,4.028978,3840
live,1087,17767721602842,17767721756147,17767721841940,17767725907782,4.30494,0.085793,4.065842,3840
live,1088,17767731602842,17767731750735,17767731814224,17767734841909,3.239067,0.063489,3.027685,3840
live,1089,17767741602842,17767741730154,17767741806539,17767745865822,4.26298,0.076385,4.059283,3840
live,1090,17767751602842,17767751811239,17767751910281,17767755878106,4.275264,0.099042,3.967825,3840
live,1091,17767761602842,17767761744995,17767761807107,17767764759560,3.156718,0.062112,2.952453,3840
live,1092,17767771602842,17767771733310,17767771814783,17767775870930,4.268088,0.081473,4.056147,3840
live,1093,17767781602842,17767781745626,17767781812379,17767784812032,3.20919,0.066753,2.999653,3840
live,1094,17767791602842,17767791732182,17767791813111,17767795615782,4.01294,0.080929,3.802671,3840
live,1095,17767801602842,17767801794611,17767801882644,17767806042983,4.440141,0.088033,4.160339,3840
live,1096,17767811602842,17767811769774,17767811867536,17767816053604,4.450762,0.097762,4.186068,3840
live,1097,17767821602842,17767821842315,17767821927660,17767825245813,3.642971,0.085345,3.318153,3840
live,1098,17767831602842,17767831737574,17767831807495,17767835661463,4.058621,0.069921,3.853968,3840
live,1099,17767841602842,17767842329353,17767842458315,17767851307896,9.705054,0.128962,8.849581,3840
replay,1099,17767841602842,17767842388682,17767842686126,17767854138683,12.535841,0.297444,11.452557,292352
live,1100,17767851602842,17767851817663,17767851924928,17767859732545,8.129703,0.107265,7.807617,3840
live,1101,17767861602842,17767861763130,17767861845243,17767866035343,4.432501,0.082113,4.1901,3840
live,1102,17767871602842,17767871775830,17767871857687,17767877097656,5.494814,0.081857,5.239969,3840
live,1103,17767881602842,17767881790482,17767882088630,17767885930021,4.327179,0.298148,3.841391,3840
live,1104,17767891602842,17767891763374,17767892058161,17767896239301,4.636459,0.294787,4.18114,3840
live,1105,17767901602842,17767901751658,17767901820522,17767905483928,3.881086,0.068864,3.663406,3840
live,1106,17767911602842,17767911734373,17767911806022,17767915484372,3.88153,0.071649,3.67835,3840
live,1107,17767921602842,17767921755425,17767921827490,17767929419456,7.816614,0.072065,7.591966,3840
live,1108,17767931602842,17767931772222,17767931849983,17767936205621,4.602779,0.077761,4.355638,3840
live,1109,17767941602842,17767941727897,17767941785178,17767945473127,3.870285,0.057281,3.687949,3840
live,1110,17767951602842,17767951736021,17767951812118,17767959182449,7.579607,0.076097,7.370331,3840
live,1111,17767961602842,17767961741201,17767961804818,17767965078330,3.475488,0.063617,3.273512,3840
live,1112,17767971602842,17767971730253,17767971806990,17767975655933,4.053091,0.076737,3.848943,3840
live,1113,17767981602842,17767981760297,17767981884107,17767986047870,4.445028,0.12381,4.163763,3840
live,1114,17767991602842,17767991739557,17767991801381,17767995275665,3.672823,0.061824,3.474284,3840
live,1115,17768001602842,17768001718848,17768001787009,17768007289317,5.686475,0.068161,5.502308,3840
live,1116,17768011602842,17768011732861,17768011792637,17768014753986,3.151144,0.059776,2.961349,3840
live,1117,17768021602842,17768021733752,17768021805625,17768025911724,4.308882,0.071873,4.106099,3840
live,1118,17768031602842,17768031770549,17768031858902,17768037003830,5.400988,0.088353,5.144928,3840
live,1119,17768041602842,17768041758001,17768041828241,17768046079014,4.476172,0.07024,4.250773,3840
live,1120,17768051602842,17768051742828,17768051803949,17768056382278,4.779436,0.061121,4.578329,3840
live,1121,17768061602842,17768061727176,17768061795177,17768065650201,4.047359,0.068001,3.855024,3840
live,1122,17768071602842,17768071750916,17768071824549,17768075769878,4.167036,0.073633,3.945329,3840
live,1123,17768081602842,17768081746336,17768081814977,17768085069225,3.466383,0.068641,3.254248,3840
live,1124,17768091602842,17768091728828,17768091795517,17768095594636,3.991794,0.066689,3.799119,3840
live,1125,17768101602842,17768101741240,17768101798809,17768104758109,3.155267,0.057569,2.9593,3840
live,1126,17768111602842,17768111706131,17768111748820,17768114842938,3.240096,0.042689,3.094118,3840
live,1127,17768121602842,17768121748016,17768121819025,17768125913956,4.311114,0.071009,4.094931,3840
live,1128,17768131602842,17768131735756,17768131797644,17768134998452,3.39561,0.061888,3.200808,3840
live,1129,17768141602842,17768141745768,17768142041227,17768147254092,5.65125,0.295459,5.212865,3840
live,1130,17768151602842,17768151732675,17768151806980,17768157559852,5.95701,0.074305,5.752872,3840
live,1131,17768161602842,17768161750336,17768161825857,17768165789618,4.186776,0.075521,3.963761,3840
live,1132,17768171602842,17768171722907,17768171790140,17768175387337,3.784495,0.067233,3.597197,3840
live,1133,17768181602842,17768181753304,17768181835449,17768188258504,6.655662,0.082145,6.423055,3840
live,1134,17768191602842,17768191755795,17768191816788,17768195395521,3.792679,0.060993,3.578733,3840
live,1135,17768201602842,17768201734511,17768201797136,17768205429981,3.827139,0.062625,3.632845,3840
live,1136,17768211602842,17768211752075,17768211819692,17768215782621,4.179779,0.067617,3.962929,3840
live,1137,17768221602842,17768221736775,17768221784648,17768224780781,3.177939,0.047873,2.996133,3840
live,1138,17768231602842,17768231728675,17768231803236,17768235676276,4.073434,0.074561,3.87304,3840
live,1139,17768241602842,17768241739359,17768241795328,17768244810917,3.208075,0.055969,3.015589,3840
live,1140,17768251602842,17768251707930,17768251753723,17768255466217,3.863375,0.045793,3.712494,3840
live,1141,17768261602842,17768261798296,17768261875032,17768264979679,3.376837,0.076736,3.104647,3840
live,1142,17768271602842,17768271785331,17768271841332,17768274744920,3.142078,0.056001,2.903588,3840
live,1143,17768281602842,17768281855824,17768281938033,17768288879271,7.276429,0.082209,6.941238,3840
live,1144,17768291602842,17768291745099,17768291804427,17768295521529,3.918687,0.059328,3.717102,3840
live,1145,17768301602842,17768301707110,17768301755175,17768305407220,3.804378,0.048065,3.652045,3840
live,1146,17768311602842,17768311756387,17768311844068,17768317439913,5.837071,0.087681,5.595845,3840
live,1147,17768321602842,17768321735390,17768321791071,17768324772516,3.169674,0.055681,2.981445,3840
live,1148,17768331602842,17768331733498,17768331806427,17768338049288,6.446446,0.072929,6.242861,3840
live,1149,17768341602842,17768341748950,17768341819415,17768344879933,3.277091,0.070465,3.060518,3840
live,1150,17768351602842,17768351707442,17768351756178,17768355306398,3.703556,0.048736,3.55022,3840
live,1151,17768361602842,17768361758926,17768361841327,17768366161317,4.558475,0.082401,4.31999,3840
live,1152,17768371602842,17768371738122,17768371792523,17768374715887,3.113045,0.054401,2.923364,3840
live,1153,17768381602842,17768381729990,17768381807079,17768388714652,7.11181,0.077089,6.907573,3840
live,1154,17768391602842,17768391815011,17768391908708,17768396369755,4.766913,0.093697,4.461047,3840
live,1155,17768401602842,17768401765790,17768401861023,17768406033779,4.430937,0.095233,4.172756,3840
live,1156,17768411602842,17768411751322,17768411804603,17768414835936,3.233094,0.053281,3.031333,3840
live,1157,17768421602842,17768421727061,17768421795350,17768425663654,4.060812,0.068289,3.868304,3840
live,1158,17768431602842,17768432788447,17768432864543,17768439191118,7.588276,0.076096,6.326575,3840
live,1159,17768441602842,17768441753806,17768441819534,17768444975894,3.373052,0.065728,3.15636,3840
live,1160,17768451602842,17768451758666,17768451821962,17768457874965,6.272123,0.063296,6.053003,3840
live,1161,17768461602842,17768461732197,17768461804390,17768466139420,4.536578,0.072193,4.33503,3840
live,1162,17768471602842,17768471751297,17768471812450,17768474948169,3.345327,0.061153,3.135719,3840
live,1163,17768481602842,17768481732413,17768481804382,17768485548396,3.945554,0.071969,3.744014,3840
live,1164,17768491602842,17768491757497,17768491841082,17768497391839,5.788997,0.083585,5.550757,3840
live,1165,17768501602842,17768501759541,17768501828438,17768505730022,4.12718,0.068897,3.901584,3840
live,1166,17768511602842,17768511725713,17768511798322,17768515723138,4.120296,0.072609,3.924816,3840
live,1167,17768521602842,17768521757517,17768521862606,17768525183640,3.580798,0.105089,3.321034,3840
live,1168,17768531602842,17768531712520,17768531758761,17768535040658,3.437816,0.046241,3.281897,3840
live,1169,17768541602842,17768541752005,17768541833190,17768547300874,5.698032,0.081185,5.467684,3840
live,1170,17768551602842,17768551740833,17768551796001,17768554966857,3.364015,0.055168,3.170856,3840
live,1171,17768561602842,17768561735229,17768561810845,17768566966397,5.363555,0.075616,5.155552,3840
live,1172,17768571602842,17768571796761,17768571886906,17768576186160,4.583318,0.090145,4.299254,3840
live,1173,17768581602842,17768581743125,17768581799573,17768584841019,3.238177,0.056448,3.041446,3840
live,1174,17768591602842,17768591721904,17768591789969,17768595529119,3.926277,0.068065,3.73915,3840
live,1175,17768601602842,17768601762349,17768601826797,17768604933524,3.330682,0.064448,3.106727,3840
live,1176,17768611602842,17768611745224,17768611810825,17768614764846,3.162004,0.065601,2.954021,3840
live,1177,17768621602842,17768621731620,17768621803589,17768625979641,4.376799,0.071969,4.176052,3840
live,1178,17768631602842,17768631737408,17768631793441,17768634694501,3.091659,0.056033,2.90106,3840
live,1179,17768641602842,17768641732220,17768641806621,17768646899196,5.296354,0.074401,5.092575,3840
live,1180,17768651602842,17768651763704,17768651860569,17768661121452,9.51861,0.096865,9.260883,3840
live,1181,17768661602842,17768661751764,17768661814837,17768664988188,3.385346,0.063073,3.173351,3840
live,1182,17768671602842,17768671734640,17768671792624,17768674744245,3.141403,0.057984,2.951621,3840
live,1183,17768681602842,17768681725036,17768681795564,17768685666332,4.06349,0.070528,3.870768,3840
live,1184,17768691602842,17768691768424,17768691875465,17768698961889,7.359047,0.107041,7.086424,3840
live,1185,17768701602842,17768701784804,17768701870309,17768707503467,5.900625,0.085505,5.633158,3840
live,1186,17768711602842,17768711754048,17768711808832,17768714880390,3.277548,0.054784,3.071558,3840
live,1187,17768721602842,17768721738267,17768721807708,17768725604075,4.001233,0.069441,3.796367,3840
live,1188,17768731602842,17768731754648,17768731828888,17768735884843,4.282001,0.07424,4.055955,3840
live,1189,17768741602842,17768741741843,17768741791860,17768746028392,4.42555,0.050017,4.236532,3840
live,1190,17768751602842,17768751729583,17768751802672,17768755779521,4.176679,0.073089,3.976849,3840
live,1191,17768761602842,17768761775948,17768761846828,17768764936691,3.333849,0.07088,3.089863,3840
live,1192,17768771602842,17768771713287,17768771760679,17768774994607,3.391765,0.047392,3.233928,3840
live,1193,17768781602842,17768781746915,17768781815300,17768785953367,4.350525,0.068385,4.138067,3840
live,1194,17768791602842,17768791735231,17768791784864,17768794763492,3.16065,0.049633,2.978628,3840
live,1195,17768801602842,17768801736859,17768801819388,17768806397045,4.794203,0.082529,4.577657,3840
live,1196,17768811602842,17768811786903,17768811885881,17768814954399,3.351557,0.098978,3.068518,3840
live,1197,17768821602842,17768821743283,17768821805780,17768824923866,3.321024,0.062497,3.118086,3840
live,1198,17768831602842,17768831760591,17768831842832,17768835984835,4.381993,0.082241,4.142003,3840
live,1199,17768841602842,17768842315090,17768842440883,17768851490211,9.887369,0.125793,9.049328,3840
replay,1199,17768841602842,17768842368818,17768842714071,17768855292147,13.689305,0.345253,12.578076,292352
live,1200,17768851602842,17768851827464,17768852275117,17768862813104,11.210262,0.447653,10.537987,3840
live,1201,17768861602842,17768861918053,17768862973714,17768866718912,5.11607,1.055661,3.745198,3840
live,1202,17768871602842,17768871732414,17768871794751,17768875021639,3.418797,0.062337,3.226888,3840
live,1203,17768881602842,17768881724570,17768881788763,17768885069412,3.46657,0.064193,3.280649,3840
live,1204,17768891602842,17768891725078,17768891798231,17768895435652,3.83281,0.073153,3.637421,3840
live,1205,17768901602842,17768901744018,17768901809459,17768904986074,3.383232,0.065441,3.176615,3840
live,1206,17768911602842,17768911743054,17768911807311,17768914633810,3.030968,0.064257,2.826499,3840
live,1207,17768921602842,17768921743434,17768921813739,17768925537017,3.934175,0.070305,3.723278,3840
live,1208,17768931602842,17768931808743,17768931909704,17768936097468,4.494626,0.100961,4.187764,3840
live,1209,17768941602842,17768941856707,17768942223112,17768945695443,4.092601,0.366405,3.472331,3840
live,1210,17768951602842,17768951752766,17768951833695,17768957425636,5.822794,0.080929,5.591941,3840
live,1211,17768961602842,17768961765850,17768961849019,17768965953486,4.350644,0.083169,4.104467,3840
live,1212,17768971602842,17768971742934,17768971801910,17768974809116,3.206274,0.058976,3.007206,3840
live,1213,17768981602842,17768981711697,17768981775346,17768985882757,4.279915,0.063649,4.107411,3840
live,1214,17768991602842,17768991749550,17768991829711,17768995822656,4.219814,0.080161,3.992945,3840
live,1215,17769001602842,17769001748330,17769001814218,17769005050290,3.447448,0.065888,3.236072,3840
live,1216,17769011602842,17769011727589,17769011795494,17769015565205,3.962363,0.067905,3.769711,3840
live,1217,17769021602842,17769021745793,17769021820610,17769025823828,4.220986,0.074817,4.003218,3840
live,1218,17769031602842,17769031801758,17769031865887,17769034820739,3.217897,0.064129,2.954852,3840
live,1219,17769041602842,17769041735097,17769041803578,17769045668586,4.065744,0.068481,3.865008,3840
live,1220,17769051602842,17769051976984,17769052093241,17769058883022,7.28018,0.116257,6.789781,3840
live,1221,17769061602842,17769061767089,17769061840658,17769065874020,4.271178,0.073569,4.033362,3840
live,1222,17769071602842,17769071731949,17769071790734,17769074749330,3.146488,0.058785,2.958596,3840
live,1223,17769081602842,17769081717769,17769081784745,17769085684442,4.0816,0.066976,3.899697,3840
live,1224,17769091602842,17769091751845,17769091826342,17769095659541,4.056699,0.074497,3.833199,3840
live,1225,17769101602842,17769101739041,17769101818370,17769106148471,4.545629,0.079329,4.330101,3840
live,1226,17769111602842,17769111722812,17769111790013,17769115898192,4.29535,0.067201,4.108179,3840
live,1227,17769121602842,17769121774681,17769122164702,17769126460147,4.857305,0.390021,4.295445,3840
live,1228,17769131602842,17769131738804,17769131795285,17769134774842,3.172,0.056481,2.979557,3840
live,1229,17769141602842,17769141729040,17769142028084,17769146062246,4.459404,0.299044,4.034162,3840
live,1230,17769151602842,17769151752365,17769151846862,17769157096335,5.493493,0.094497,5.249473,3840
live,1231,17769161602842,17769161778857,17769161866538,17769165398102,3.79526,0.087681,3.531564,3840
live,1232,17769171602842,17769171787973,17769172119145,17769175194639,3.591797,0.331172,3.075494,3840
live,1233,17769181602842,17769181733856,17769181802721,17769185741490,4.138648,0.068865,3.938769,3840
live,1234,17769191602842,17769191762236,17769191845341,17769195625580,4.022738,0.083105,3.780239,3840
live,1235,17769201602842,17769201724376,17769201785017,17769205631080,4.028238,0.060641,3.846063,3840
live,1236,17769211602842,17769211756596,17769211849365,17769217481979,5.879137,0.092769,5.632614,3840
live,1237,17769221602842,17769221765872,17769221865105,17769226046757,4.443915,0.099233,4.181652,3840
live,1238,17769231602842,17769231746828,17769231810989,17769234754961,3.152119,0.064161,2.943972,3840
live,1239,17769241602842,17769241722760,17769241780424,17769245625144,4.022302,0.057664,3.84472,3840
live,1240,17769251602842,17769251759492,17769251844997,17769259891561,8.288719,0.085505,8.046564,3840
live,1241,17769261602842,17769261752224,17769261829121,17769264953511,3.350669,0.076897,3.12439,3840
live,1242,17769271602842,17769271721275,17769272023615,17769276911292,5.30845,0.30234,4.887677,3840
live,1243,17769281602842,17769281769144,17769282167069,17769286394801,4.791959,0.397925,4.227732,3840
live,1244,17769291602842,17769291770164,17769292120728,17769295841734,4.238892,0.350564,3.721006,3840
live,1245,17769301602842,17769301722479,17769302004307,17769305895011,4.292169,0.281828,3.890704,3840
live,1246,17769311602842,17769311754443,17769312099952,17769317314576,5.711734,0.345509,5.214624,3840
live,1247,17769321602842,17769321720519,17769321786472,17769325622295,4.019453,0.065953,3.835823,3840
live,1248,17769331602842,17769331755139,17769331831748,17769335412145,3.809303,0.076609,3.580397,3840
live,1249,17769341602842,17769341735647,17769342029091,17769345800593,4.197751,0.293444,3.771502,3840
live,1250,17769351602842,17769351737787,17769351821820,17769355789869,4.187027,0.084033,3.968049,3840
live,1251,17769361602842,17769361736119,17769361815000,17769365531366,3.928524,0.078881,3.716366,3840
live,1252,17769371602842,17769371733843,17769372040855,17769375780773,4.177931,0.307012,3.739918,3840
live,1253,17769381602842,17769381727439,17769381791055,17769384823701,3.220859,0.063616,3.032646,3840
live,1254,17769391602842,17769391722442,17769392022958,17769395714716,4.111874,0.300516,3.691758,3840
live,1255,17769401602842,17769401717094,17769401784263,17769405737112,4.13427,0.067169,3.952849,3840
live,1256,17769411602842,17769411739810,17769411818819,17769415001131,3.398289,0.079009,3.182312,3840
live,1257,17769421602842,17769421787679,17769422144483,17769425172105,3.569263,0.356804,3.027622,3840
live,1258,17769431602842,17769431720314,17769431787291,17769435622346,4.019504,0.066977,3.835055,3840
live,1259,17769441602842,17769441749558,17769441852760,17769446055500,4.452658,0.103202,4.20274,3840
live,1260,17769451602842,17769451762418,17769451873620,17769459240111,7.637269,0.111202,7.366491,3840
live,1261,17769461602842,17769461757390,17769461848751,17769466237958,4.635116,0.091361,4.389207,3840
live,1262,17769471602842,17769471740938,17769471810891,17769474811184,3.208342,0.069953,3.000293,3840
live,1263,17769481602842,17769481718950,17769481783911,17769485616342,4.0135,0.064961,3.832431,3840
live,1264,17769491602842,17769491751778,17769491834819,17769496028759,4.425917,0.083041,4.19394,3840
live,1265,17769501602842,17769501735326,17769501797727,17769504802308,3.199466,0.062401,3.004581,3840
live,1266,17769511602842,17769511720346,17769511880668,17769516897946,5.295104,0.160322,5.017278,3840
live,1267,17769521602842,17769521755286,17769521857015,17769526103596,4.500754,0.101729,4.246581,3840
live,1268,17769531602842,17769531747314,17769531809618,17769534837656,3.234814,0.062304,3.028038,3840
live,1269,17769541602842,17769541719629,17769541790382,17769545891521,4.288679,0.070753,4.101139,3840
live,1270,17769551602842,17769551758058,17769551848299,17769556074175,4.471333,0.090241,4.225876,3840
live,1271,17769561602842,17769561739813,17769561796998,17769565883001,4.280159,0.057185,4.086003,3840
live,1272,17769571602842,17769571723425,17769571803522,17769575950038,4.347196,0.080097,4.146516,3840
live,1273,17769581602842,17769581736733,17769581801310,17769584755043,3.152201,0.064577,2.953733,3840
live,1274,17769591602842,17769591718361,17769591785690,17769595591369,3.988527,0.067329,3.805679,3840
live,1275,17769601602842,17769601745973,17769601829238,17769608183077,6.580235,0.083265,6.353839,3840
live,1276,17769611602842,17769611733873,17769611797202,17769615770755,4.167913,0.063329,3.973553,3840
live,1277,17769621602842,17769621708013,17769621768813,17769625700030,4.097188,0.0608,3.931217,3840
live,1278,17769631602842,17769631755849,17769631846474,17769638922146,7.319304,0.090625,7.075672,3840
live,1279,17769641602842,17769641738341,17769641804006,17769645093262,3.49042,0.065665,3.289256,3840
live,1280,17769651602842,17769651712000,17769651761825,17769657085955,5.483113,0.049825,5.32413,3840
live,1281,17769661602842,17769661719260,17769661788445,17769667047678,5.444836,0.069185,5.259233,3840
live,1282,17769671602842,17769671755961,17769671841082,17769675722538,4.119696,0.085121,3.881456,3840
live,1283,17769681602842,17769681744405,17769681830518,17769685351553,3.748711,0.086113,3.521035,3840
live,1284,17769691602842,17769691762385,17769691844018,17769696710190,5.107348,0.081633,4.866172,3840
live,1285,17769701602842,17769701784909,17769702118961,17769705362809,3.759967,0.334052,3.243848,3840
live,1286,17769711602842,17769711710664,17769711760265,17769715349525,3.746683,0.049601,3.58926,3840
live,1287,17769721602842,17769721744036,17769721834149,17769726195804,4.592962,0.090113,4.361655,3840
live,1288,17769731602842,17769731775873,17769732117477,17769736804799,5.201957,0.341604,4.687322,3840
live,1289,17769741602842,17769741728028,17769741800157,17769745742990,4.140148,0.072129,3.942833,3840
live,1290,17769751602842,17769751761784,17769751851737,17769756142031,4.539189,0.089953,4.290294,3840
live,1291,17769761602842,17769761734292,17769761801589,17769764799290,3.196448,0.067297,2.997701,3840
live,1292,17769771602842,17769771719056,17769771797169,17769775927556,4.324714,0.078113,4.130387,3840
live,1293,17769781602842,17769781734476,17769781801069,17769784894547,3.291705,0.066593,3.093478,3840
live,1294,17769791602842,17769791756552,17769791838249,17769795904283,4.301441,0.081697,4.066034,3840
live,1295,17769801602842,17769801781956,17769801875013,17769805980120,4.377278,0.093057,4.105107,3840
live,1296,17769811602842,17769811738048,17769811808192,17769814797222,3.19438,0.070144,2.98903,3840
live,1297,17769821602842,17769821717467,17769821787580,17769825721709,4.118867,0.070113,3.934129,3840
live,1298,17769831602842,17769831782360,17769832172349,17769838825135,7.222293,0.389989,6.652786,3840
live,1299,17769841602842,17769842230874,17769842375099,17769850166908,8.564066,0.144225,7.791809,3840
replay,1299,17769841602842,17769842290458,17769842633951,17769852267894,10.665052,0.343493,9.633943,292352
live,1300,17769851602842,17769851737295,17769851798928,17769858092318,6.489476,0.061633,6.29339,3840
live,1301,17769861602842,17769861761932,17769861869229,17769865861790,4.258948,0.107297,3.992561,3840
live,1302,17769871602842,17769871743303,17769871830152,17769875140849,3.538007,0.086849,3.310697,3840
live,1303,17769881602842,17769881717539,17769881779844,17769885186574,3.583732,0.062305,3.40673,3840
live,1304,17769891602842,17769891722719,17769891786080,17769895329868,3.727026,0.063361,3.543788,3840
live,1305,17769901602842,17769901759547,17769901839004,17769905738509,4.135667,0.079457,3.899505,3840
live,1306,17769911602842,17769911743767,17769911812024,17769914784893,3.182051,0.068257,2.972869,3840
live,1307,17769921602842,17769921720179,17769921790195,17769925640419,4.037577,0.070016,3.850224,3840
live,1308,17769931602842,17769931763279,17769931846832,17769935972835,4.369993,0.083553,4.126003,3840
live,1309,17769941602842,17769941733611,17769941809196,17769944778576,3.175734,0.075585,2.96938,3840
live,1310,17769951602842,17769951729191,17769952053003,17769957260971,5.658129,0.323812,5.207968,3840
live,1311,17769961602842,17769961758883,17769961847204,17769969346977,7.744135,0.088321,7.499773,3840
live,1312,17769971602842,17769971764639,17769971846880,17769975791377,4.188535,0.082241,3.944497,3840
live,1313,17769981602842,17769981747035,17769981819771,17769985506825,3.903983,0.072736,3.687054,3840
live,1314,17769991602842,17769991767351,17769991855416,17769996121517,4.518675,0.088065,4.266101,3840
live,1315,17770001602842,17770001744306,17770001815763,17770004913658,3.310816,0.071457,3.097895,3840
live,1316,17770011602842,17770011733998,17770011816559,17770015725376,4.122534,0.082561,3.908817,3840
live,1317,17770021602842,17770021790443,17770021983725,17770026889386,5.286544,0.193282,4.905661,3840
live,1318,17770031602842,17770031746566,17770031816391,17770034813388,3.210546,0.069825,2.996997,3840
live,1319,17770041602842,17770041721410,17770041794659,17770045612370,4.009528,0.073249,3.817711,3840
live,1320,17770051602842,17770051762302,17770051854175,17770059342588,7.739746,0.091873,7.488413,3840
live,1321,17770061602842,17770061744634,17770061821275,17770065577801,3.974959,0.076641,3.756526,3840
live,1322,17770071602842,17770071722134,17770071793846,17770076426352,4.82351,0.071712,4.632506,3840
live,1323,17770081602842,17770081750738,17770081845139,17770086094440,4.491598,0.094401,4.249301,3840
live,1324,17770091602842,17770091749646,17770091818799,17770094811508,3.208666,0.069153,2.992709,3840
live,1325,17770101602842,17770101718697,17770101785386,17770105659738,4.056896,0.066689,3.874352,3840
live,1326,17770111602842,17770111756614,17770111832999,17770115951674,4.348832,0.076385,4.118675,3840
live,1327,17770121602842,17770121725601,17770121790082,17770124741127,3.138285,0.064481,2.951045,3840
live,1328,17770131602842,17770131723965,17770131793310,17770135733263,4.130421,0.069345,3.939953,3840
live,1329,17770141602842,17770141762106,17770142103742,17770145319494,3.716652,0.341636,3.215752,3840
live,1330,17770151602842,17770151700373,17770151745365,17770155612133,4.009291,0.044992,3.866768,3840
live,1331,17770161602842,17770161732241,17770161806610,17770166058887,4.456045,0.074369,4.252277,3840
live,1332,17770171602842,17770171738541,17770171799022,17770174760851,3.158009,0.060481,2.961829,3840
live,1333,17770181602842,17770181719305,17770182012076,17770186127455,4.524613,0.292771,4.115379,3840
live,1334,17770191602842,17770191757221,17770191826534,17770196050170,4.447328,0.069313,4.223636,3840
live,1335,17770201602842,17770201800514,17770202197863,17770206364250,4.761408,0.397349,4.166387,3840
live,1336,17770211602842,17770211754397,17770211823550,17770214930532,3.32769,0.069153,3.106982,3840
live,1337,17770221602842,17770221714008,17770221776281,17770225619017,4.016175,0.062273,3.842736,3840
live,1338,17770231602842,17770231751797,17770231860566,17770236019946,4.417104,0.108769,4.15938,3840
live,1339,17770241602842,17770241744401,17770241810353,17770244911256,3.308414,0.065952,3.100903,3840
live,1340,17770251602842,17770251723244,17770251787149,17770257271249,5.668407,0.063905,5.4841,3840
live,1341,17770261602842,17770261747081,17770261827274,17770265933660,4.330818,0.080193,4.106386,3840
live,1342,17770271602842,17770271742084,17770271816005,17770275412466,3.809624,0.073921,3.596461,3840
live,1343,17770281602842,17770281711872,17770281777857,17770285354125,3.751283,0.065985,3.576268,3840
live,1344,17770291602842,17770291774461,17770292154017,17770296236852,4.63401,0.379556,4.082835,3840
live,1345,17770301602842,17770301740760,17770301815961,17770305376133,3.773291,0.075201,3.560172,3840
live,1346,17770311602842,17770311718068,17770311785301,17770315572964,3.970122,0.067233,3.787663,3840
live,1347,17770321602842,17770321762544,17770322129493,17770325937828,4.334986,0.366949,3.808335,3840
live,1348,17770331602842,17770331714796,17770331781581,17770335500763,3.897921,0.066785,3.719182,3840
live,1349,17770341602842,17770341760424,17770342105036,17770345405141,3.802299,0.344612,3.300105,3840
live,1350,17770351602842,17770351719716,17770351797925,17770355973592,4.37075,0.078209,4.175667,3840
live,1351,17770361602842,17770361739680,17770361824609,17770368568724,6.965882,0.084929,6.744115,3840
live,1352,17770371602842,17770371743324,17770371812733,17770374795682,3.19284,0.069409,2.982949,3840
live,1353,17770381602842,17770381720567,17770381794200,17770385715369,4.112527,0.073633,3.921169,3840
live,1354,17770391602842,17770391761460,17770391845429,17770396081257,4.478415,0.083969,4.235828,3840
live,1355,17770401602842,17770401743696,17770401807088,17770404730421,3.127579,0.063392,2.923333,3840
live,1356,17770411602842,17770411725611,17770411801964,17770415832542,4.2297,0.076353,4.030578,3840
live,1357,17770421602842,17770421741447,17770421807976,17770424774189,3.171347,0.066529,2.966213,3840
live,1358,17770431602842,17770431711587,17770431761732,17770435178606,3.575764,0.050145,3.416874,3840
live,1359,17770441602842,17770441763360,17770441844641,17770446075285,4.472443,0.081281,4.230644,3840
live,1360,17770451602842,17770451745851,17770451821660,17770456364084,4.761242,0.075809,4.542424,3840
live,1361,17770461602842,17770461707415,17770461758679,17770465078304,3.475462,0.051264,3.319625,3840
live,1362,17770471602842,17770471718355,17770471795188,17770475854918,4.252076,0.076833,4.05973,3840
live,1363,17770481602842,17770481798096,17770481916721,17770485974787,4.371945,0.118625,4.058066,3840
live,1364,17770491602842,17770491759051,17770491843404,17770496479270,4.876428,0.084353,4.635866,3840
live,1365,17770501602842,17770501730247,17770501807560,17770505668472,4.06563,0.077313,3.860912,3840
live,1366,17770511602842,17770511764131,17770511850372,17770515622259,4.019417,0.086241,3.771887,3840
live,1367,17770521602842,17770521750463,17770521829888,17770525307915,3.705073,0.079425,3.478027,3840
live,1368,17770531602842,17770531737115,17770531810459,17770536984956,5.382114,0.073344,5.174497,3840
live,1369,17770541602842,17770541747063,17770541810775,17770544794140,3.191298,0.063712,2.983365,3840
live,1370,17770551602842,17770551769747,17770551849844,17770556090408,4.487566,0.080097,4.240564,3840
live,1371,17770561602842,17770561790895,17770562174228,17770566631179,5.028337,0.383333,4.456951,3840
live,1372,17770571602842,17770571769739,17770572113199,17770575309815,3.706973,0.34346,3.196616,3840
live,1373,17770581602842,17770582169260,17770582260493,17770587423725,5.820883,0.091233,5.163232,3840
live,1374,17770591602842,17770591775939,17770591877284,17770597838830,6.235988,0.101345,5.961546,3840
live,1375,17770601602842,17770601755102,17770601855200,17770605745520,4.142678,0.100098,3.89032,3840
live,1376,17770611602842,17770611725754,17770611800955,17770615724011,4.121169,0.075201,3.923056,3840
live,1377,17770621602842,17770621740950,17770621836215,17770625982443,4.379601,0.095265,4.146228,3840
live,1378,17770631602842,17770631736914,17770631800947,17770636258954,4.656112,0.064033,4.458007,3840
live,1379,17770641602842,17770641714350,17770641784622,17770646465768,4.862926,0.070272,4.681146,3840
live,1380,17770651602842,17770651747498,17770651829707,17770659264839,7.661997,0.082209,7.435132,3840
live,1381,17770661602842,17770661731238,17770661798406,17770666018267,4.415425,0.067168,4.219861,3840
live,1382,17770671602842,17770671716609,17770671785218,17770675726995,4.124153,0.068609,3.941777,3840
live,1383,17770681602842,17770681747070,17770681836863,17770686674715,5.071873,0.089793,4.837852,3840
live,1384,17770691602842,17770691715961,17770691765594,17770695650538,4.047696,0.049633,3.884944,3840
live,1385,17770701602842,17770701721237,17770701793750,17770707670335,6.067493,0.072513,5.876585,3840
live,1386,17770711602842,17770711750449,17770711834355,17770717132340,5.529498,0.083906,5.297985,3840
live,1387,17770721602842,17770721754029,17770721841647,17770726774764,5.171922,0.087618,4.933117,3840
live,1388,17770731602842,17770731720105,17770731786378,17770739160293,7.557451,0.066273,7.373915,3840
live,1389,17770741602842,17770741747045,17770741829030,17770746270109,4.667267,0.081985,4.441079,3840
live,1390,17770751602842,17770751719041,17770751789794,17770757340966,5.738124,0.070753,5.551172,3840
live,1391,17770761602842,17770761750173,17770761837214,17770766491160,4.888318,0.087041,4.653946,3840
live,1392,17770771602842,17770771745017,17770771812922,17770774970113,3.367271,0.067905,3.157191,3840
live,1393,17770781602842,17770781711221,17770781778965,17770785823271,4.220429,0.067744,4.044306,3840
live,1394,17770791602842,17770791753681,17770791859634,17770796095143,4.492301,0.105953,4.235509,3840
live,1395,17770801602842,17770801731021,17770801785133,17770804811507,3.208665,0.054112,3.026374,3840
live,1396,17770811602842,17770811719496,17770811789641,17770815655385,4.052543,0.070145,3.865744,3840
live,1397,17770821602842,17770821747397,17770821822118,17770824925580,3.322738,0.074721,3.103462,3840
live,1398,17770831602842,17770831711104,17770831757441,17770835906964,4.304122,0.046337,4.149523,3840
live,1399,17770841602842,17770842374884,17770842545222,17770856893240,15.290398,0.170338,14.348018,3840
replay,1399,17770841602842,17770842446373,17770842862698,17770856814647,15.211805,0.416325,13.951949,292352
live,1400,17770851602842,17770852613603,17770857086651,17770863015108,11.412266,4.473048,5.928457,3840
live,1401,17770861602842,17770861942103,17770863090437,17770866021993,4.419151,1.148334,2.931556,3840
live,1402,17770871602842,17770871735824,17770871792465,17770875663777,4.060935,0.056641,3.871312,3840
live,1403,17770881602842,17770881735500,17770881792557,17770884727697,3.124855,0.057057,2.93514,3840
live,1404,17770891602842,17770891719496,17770891783881,17770895507543,3.904701,0.064385,3.723662,3840
live,1405,17770901602842,17770901747908,17770901817925,17770905806646,4.203804,0.070017,3.988721,3840
live,1406,17770911602842,17770911735872,17770911792513,17770914752261,3.149419,0.056641,2.959748,3840
live,1407,17770921602842,17770921713628,17770921786876,17770925608076,4.005234,0.073248,3.8212,3840
live,1408,17770931602842,17770931748440,17770931819609,17770935703049,4.100207,0.071169,3.88344,3840
live,1409,17770941602842,17770941736500,17770941808277,17770945005116,3.402274,0.071777,3.196839,3840
live,1410,17770951602842,17770951721391,17770951776784,17770955657920,4.055078,0.055393,3.881136,3840
live,1411,17770961602842,17770961733228,17770961799980,17770967505939,5.903097,0.066752,5.705959,3840
live,1412,17770971602842,17770971733479,17770971781384,17770974765325,3.162483,0.047905,2.983941,3840
live,1413,17770981602842,17770981709027,17770981761700,17770985781526,4.178684,0.052673,4.019826,3840
live,1414,17770991602842,17770991721119,17770991793088,17770995797298,4.194456,0.071969,4.00421,3840
live,1415,17771001602842,17771001740443,17771001802876,17771004787041,3.184199,0.062433,2.984165,3840
live,1416,17771011602842,17771011709431,17771011754711,17771014794301,3.191459,0.04528,3.03959,3840
live,1417,17771021602842,17771021716211,17771021779444,17771025717892,4.11505,0.063233,3.938448,3840
live,1418,17771031602842,17771031801968,17771031917969,17771037749978,6.147136,0.116001,5.832009,3840
live,1419,17771041602842,17771041963982,17771042044431,17771045353208,3.750366,0.080449,3.308777,3840
live,1420,17771051602842,17771051717095,17771051770759,17771057821970,6.219128,0.053664,6.051211,3840
live,1421,17771061602842,17771061748355,17771061838308,17771066002552,4.39971,0.089953,4.164244,3840
live,1422,17771071602842,17771071749759,17771071811424,17771074840389,3.237547,0.061665,3.028965,3840
live,1423,17771081602842,17771081714490,17771081782299,17771085426088,3.823246,0.067809,3.643789,3840
live,1424,17771091602842,17771091757367,17771091842872,17771096431601,4.828759,0.085505,4.588729,3840
live,1425,17771101602842,17771101745331,17771101818708,17771105319679,3.716837,0.073377,3.500971,3840
live,1426,17771111602842,17771111717582,17771111781263,17771115636511,4.033669,0.063681,3.855248,3840
live,1427,17771121602842,17771121735114,17771121797643,17771124747312,3.14447,0.062529,2.949669,3840
live,1428,17771131602842,17771131720742,17771131798727,17771135791929,4.189087,0.077985,3.993202,3840
live,1429,17771141602842,17771141808579,17771142067782,17771146580862,4.97802,0.259203,4.51308,3840
live,1430,17771151602842,17771151748158,17771151820799,17771154785508,3.182666,0.072641,2.964709,3840
live,1431,17771161602842,17771161717914,17771161783099,17771165639595,4.036753,0.065185,3.856496,3840
live,1432,17771171602842,17771171763062,17771171848760,17771176094956,4.492114,0.085698,4.246196,3840
live,1433,17771181602842,17771181741298,17771181803411,17771184819256,3.216414,0.062113,3.015845,3840
live,1434,17771191602842,17771191719342,17771191788431,17771196459945,4.857103,0.069089,4.671514,3840
live,1435,17771201602842,17771201758410,17771201850955,17771205879101,4.276259,0.092545,4.028146,3840
live,1436,17771211602842,17771211765254,17771211866183,17771215875705,4.272863,0.100929,4.009522,3840
live,1437,17771221602842,17771221742338,17771221803491,17771224741991,3.139149,0.061153,2.9385,3840
live,1438,17771231602842,17771231712189,17771231773982,17771235585421,3.982579,0.061793,3.811439,3840
live,1439,17771241602842,17771241747002,17771241831867,17771248039080,6.436238,0.084865,6.207213,3840
live,1440,17771251602842,17771251746806,17771251834807,17771256636402,5.03356,0.088001,4.801595,3840
live,1441,17771261602842,17771261743282,17771261821907,17771264768247,3.165405,0.078625,2.94634,3840
live,1442,17771271602842,17771271723725,17771271794734,17771275730687,4.127845,0.071009,3.935953,3840
live,1443,17771281602842,17771281745641,17771281814442,17771284745327,3.142485,0.068801,2.930885,3840
live,1444,17771291602842,17771291725669,17771291801350,17771296785156,5.182314,0.075681,4.983806,3840
live,1445,17771301602842,17771301763682,17771301870755,17771306405051,4.802209,0.107073,4.534296,3840
live,1446,17771311602842,17771311823902,17771311918591,17771315891793,4.288951,0.094689,3.973202,3840
live,1447,17771321602842,17771321767513,17771321841562,17771325736459,4.133617,0.074049,3.894897,3840
live,1448,17771331602842,17771331757589,17771331844118,17771335830728,4.227886,0.086529,3.98661,3840
live,1449,17771341602842,17771341735473,17771341800498,17771344782487,3.179645,0.065025,2.981989,3840
live,1450,17771351602842,17771351721421,17771351792398,17771355669502,4.06666,0.070977,3.877104,3840
live,1451,17771361602842,17771361747913,17771361832874,17771367537425,5.934583,0.084961,5.704551,3840
live,1452,17771371602842,17771371739653,17771371803750,17771374787403,3.184561,0.064097,2.983653,3840
live,1453,17771381602842,17771381709056,17771381762913,17771385578576,3.975734,0.053857,3.815663,3840
live,1454,17771391602842,17771391746525,17771391829374,17771397557701,5.954859,0.082849,5.728327,3840
live,1455,17771401602842,17771401737113,17771401807449,17771405070946,3.468104,0.070336,3.263497,3840
live,1456,17771411602842,17771411722836,17771411786325,17771415775847,4.173005,0.063489,3.989522,3840
live,1457,17771421602842,17771421741072,17771421808497,17771427650170,6.047328,0.067425,5.841673,3840
live,1458,17771431602842,17771431728748,17771431789581,17771434852627,3.249785,0.060833,3.063046,3840
live,1459,17771441602842,17771441717256,17771441770409,17771445740122,4.13728,0.053153,3.969713,3840
live,1460,17771451602842,17771451751556,17771451837285,17771458334038,6.731196,0.085729,6.496753,3840
live,1461,17771461602842,17771461748416,17771461807105,17771464966376,3.363534,0.058689,3.159271,3840
live,1462,17771471602842,17771471719260,17771471784605,17771475814831,4.211989,0.065345,4.030226,3840
live,1463,17771481602842,17771481730648,17771481798201,17771485607688,4.004846,0.067553,3.809487,3840
live,1464,17771491602842,17771491713716,17771491761300,17771495142526,3.539684,0.047584,3.381226,3840
live,1465,17771501602842,17771501716944,17771501779728,17771505459166,3.856324,0.062784,3.679438,3840
live,1466,17771511602842,17771511746540,17771511804557,17771515733917,4.131075,0.058017,3.92936,3840
live,1467,17771521602842,17771521746728,17771521827433,17771525451350,3.848508,0.080705,3.623917,3840
live,1468,17771531602842,17771531719651,17771531784612,17771535356145,3.753303,0.064961,3.571533,3840
live,1469,17771541602842,17771541739808,17771541808032,17771545773842,4.171,0.068224,3.96581,3840
live,1470,17771551602842,17771551767676,17771551838909,17771555090693,3.487851,0.071233,3.251784,3840
live,1471,17771561602842,17771561722487,17771561774616,17771565397989,3.795147,0.052129,3.623373,3840
live,1472,17771571602842,17771571747540,17771571832501,17771576069641,4.466799,0.084961,4.23714,3840
live,1473,17771581602842,17771581736751,17771581800976,17771584806005,3.203163,0.064225,3.005029,3840
live,1474,17771591602842,17771591729099,17771591802636,17771596167810,4.564968,0.073537,4.365174,3840
live,1475,17771601602842,17771601785896,17771601882153,17771606333216,4.730374,0.096257,4.451063,3840
live,1476,17771611602842,17771611747075,17771611808740,17771614863018,3.260176,0.061665,3.054278,3840
live,1477,17771621602842,17771621722591,17771621785696,17771625701936,4.099094,0.063105,3.91624,3840
live,1478,17771631602842,17771631753019,17771631845500,17771635828750,4.225908,0.092481,3.98325,3840
live,1479,17771641602842,17771641739543,17771641797752,17771644963871,3.361029,0.058209,3.166119,3840
live,1480,17771651602842,17771651745235,17771651822900,17771657379513,5.776671,0.077665,5.556613,3840
live,1481,17771661602842,17771661847888,17771661977746,17771666295719,4.692877,0.129858,4.317973,3840
live,1482,17771671602842,17771671755563,17771671812940,17771674805937,3.203095,0.057377,2.992997,3840
live,1483,17771681602842,17771681722118,17771681793607,17771685826009,4.223167,0.071489,4.032402,3840
live,1484,17771691602842,17771691758691,17771691849700,17771695576786,3.973944,0.091009,3.727086,3840
live,1485,17771701602842,17771701916513,17771702044642,17771706118869,4.516027,0.128129,4.074227,3840
live,1486,17771711602842,17771711749691,17771711824092,17771715477193,3.874351,0.074401,3.653101,3840
live,1487,17771721602842,17771721751895,17771721812439,17771724750396,3.147554,0.060544,2.937957,3840
live,1488,17771731602842,17771731732786,17771731805075,17771735657891,4.055049,0.072289,3.852816,3840
live,1489,17771741602842,17771741750990,17771741810255,17771744817044,3.214202,0.059265,3.006789,3840
live,1490,17771751602842,17771751711690,17771751760650,17771755893086,4.290244,0.04896,4.132436,3840
live,1491,17771761602842,17771761747494,17771761827975,17771766169501,4.566659,0.080481,4.341526,3840
live,1492,17771771602842,17771771756930,17771771825731,17771774816520,3.213678,0.068801,2.990789,3840
live,1493,17771781602842,17771781742558,17771781803519,17771784636482,3.03364,0.060961,2.832963,3840
live,1494,17771791602842,17771791728602,17771791791707,17771797813093,6.210251,0.063105,6.021386,3840
live,1495,17771801602842,17771801771254,17771801844247,17771806255822,4.65298,0.072993,4.411575,3840
live,1496,17771811602842,17771811745490,17771811833171,17771814996314,3.393472,0.087681,3.163143,3840
live,1497,17771821602842,17771821735022,17771821813839,17771826254886,4.652044,0.078817,4.441047,3840
live,1498,17771831602842,17771831742602,17771831805962,17771834728431,3.125589,0.06336,2.922469,3840
live,1499,17771841602842,17771842081866,17771842203755,17771858090832,16.48799,0.121889,15.887077,3840
replay,1499,17771841602842,17771842125578,17771842489775,17771859499394,17.896552,0.364197,17.009619,292352
